1000 12788
920 994
756 897
707 103
280 552
131 364
0 391
654 694
779 72
514 382
535 776
599 596
22 836
294 24
132 445
345 532
113 393
94 764
972 15
828 471
709 859
117 265
925 796
585 391
83 545
602 721
796 779
925 113
424 872
117 313
966 477
550 432
886 553
599 74
953 800
538 112
535 461
550 975
326 314
280 480
819 135
242 342
510 724
989 117
22 820
19 964
125 550
627 798
288 622
886 384
293 888
330 775
579 393
610 946
40 375
122 327
456 836
18 760
406 666
920 403
323 945
879 279
326 672
376 300
236 194
559 670
679 261
743 299
329 455
488 99
948 904
912 655
879 918
279 599
291 389
281 744
120 5
378 459
688 350
129 602
266 421
662 78
304 73
966 362
972 591
419 552
994 375
481 412
870 303
813 574
274 587
769 695
236 359
579 330
410 116
469 947
656 538
247 311
188 943
948 20
922 916
501 87
409 209
550 259
497 670
469 54
57 856
173 520
344 617
585 252
323 938
380 173
39 728
694 84
219 631
805 834
567 990
739 189
883 469
210 716
487 432
32 666
345 228
391 858
103 916
741 168
598 432
656 374
917 916
193 73
794 80
375 492
553 929
214 87
221 853
875 144
930 42
158 421
458 732
686 580
513 545
882 930
983 923
242 442
931 1
185 78
494 941
267 751
662 761
689 281
77 818
221 891
948 909
39 515
720 489
330 898
18 530
819 3
687 613
205 203
331 743
753 604
299 952
339 74
116 168
581 926
425 672
745 798
125 870
844 442
608 320
522 553
326 223
741 904
210 391
929 165
681 237
532 403
632 575
731 602
430 949
51 270
917 15
365 299
497 916
523 248
252 391
275 40
478 681
242 765
378 209
689 806
280 910
99 100
917 389
329 665
73 714
613 143
365 10
489 104
982 35
80 918
243 143
271 177
329 449
296 119
961 632
850 183
135 373
478 966
977 421
649 135
994 376
847 201
281 944
535 190
350 564
425 270
644 629
164 140
425 763
242 635
456 556
77 779
215 445
514 720
352 972
895 502
296 500
352 125
497 476
29 696
380 721
773 450
615 480
671 477
242 976
634 588
329 777
364 412
380 198
115 405
922 587
442 391
850 610
707 497
280 696
655 382
461 57
579 256
932 299
958 412
957 405
463 918
709 99
366 365
1 975
971 587
744 489
859 311
945 962
585 0
444 275
883 930
365 743
370 321
1 303
131 433
882 459
95 100
344 147
492 908
638 941
1 900
77 680
494 203
604 587
568 531
615 67
655 773
604 659
468 698
275 131
824 792
943 617
708 659
979 342
649 602
345 40
662 445
986 113
672 795
103 736
378 175
222 24
3 556
721 111
545 455
97 247
836 78
644 603
602 334
185 95
348 910
917 395
244 995
261 100
3 100
994 147
755 605
22 761
588 362
242 24
469 737
850 762
835 105
77 87
570 920
376 267
628 823
305 342
737 67
97 373
281 299
83 253
848 67
473 875
355 190
194 617
78 732
757 6
662 111
189 421
764 296
269 220
638 451
329 901
791 625
116 610
712 762
741 946
950 5
709 12
836 732
579 18
767 260
236 519
972 487
535 165
222 765
350 721
537 796
473 281
352 559
819 488
671 795
870 482
477 763
792 848
34 858
397 42
985 449
777 203
917 870
266 946
293 105
83 665
344 437
550 736
215 198
674 537
895 18
330 779
644 767
117 797
567 976
463 260
344 943
327 916
704 875
494 86
3 488
859 135
247 99
266 478
519 36
938 197
32 917
344 139
570 943
674 330
896 823
389 604
510 962
674 898
685 9
589 906
481 532
175 538
481 438
707 708
805 407
159 719
401 552
205 35
511 913
210 965
340 702
418 588
406 604
348 480
961 782
829 264
32 487
728 632
977 223
478 410
397 923
494 970
450 161
674 221
177 391
608 634
709 100
917 740
491 797
677 93
401 538
613 293
113 72
920 893
689 769
917 708
743 944
775 898
449 599
844 726
516 696
300 412
809 566
261 458
672 270
613 997
585 24
704 655
535 143
585 989
796 775
984 601
579 214
339 494
293 119
982 767
456 520
491 698
912 782
714 26
129 350
449 407
757 2
78 721
745 223
113 702
471 538
5 442
83 115
129 215
728 582
473 6
895 760
589 95
449 596
792 725
920 617
329 982
341 57
679 859
868 154
228 375
931 922
925 907
889 283
931 274
12 761
819 173
966 946
835 628
961 704
820 458
627 946
666 303
972 476
481 945
61 805
264 477
582 382
531 611
781 570
469 696
463 405
515 695
357 7
587 975
948 608
662 785
337 492
870 604
820 198
243 566
909 681
261 3
709 350
463 794
46 956
634 116
619 165
223 795
967 45
228 437
702 831
42 947
734 394
713 457
327 406
945 236
925 276
83 86
12 185
40 437
568 743
544 410
398 726
739 672
674 502
498 910
627 183
677 590
579 321
910 42
994 197
342 797
242 0
95 761
147 36
103 395
566 165
456 859
93 407
836 198
681 314
511 804
630 244
570 375
229 900
819 445
655 582
3 602
983 538
935 823
945 893
305 990
494 599
741 763
556 111
728 782
804 310
366 568
556 100
543 501
707 476
473 450
147 920
116 20
442 726
259 900
130 12
384 165
982 463
57 861
281 450
194 724
985 279
897 916
819 201
935 764
835 929
115 644
948 610
344 444
891 779
756 259
131 938
340 219
434 613
608 270
308 740
589 602
467 815
29 227
603 834
288 901
147 412
398 468
829 762
536 512
337 938
1 916
515 489
473 695
452 105
398 24
644 794
329 794
194 228
366 331
159 26
989 797
912 548
744 157
455 918
928 158
67 42
366 744
352 259
805 86
537 831
487 666
704 632
627 762
299 160
989 257
557 18
243 26
725 930
425 634
498 471
214 256
544 478
835 566
707 931
582 720
201 373
36 376
99 311
320 681
716 797
398 305
777 918
575 450
366 944
829 928
925 579
641 720
901 93
433 147
348 282
281 144
779 853
461 861
743 728
115 449
219 907
912 697
883 397
189 712
809 613
471 480
828 112
451 970
920 194
425 320
932 697
870 591
488 135
203 970
792 910
233 631
819 836
383 116
300 747
779 92
487 900
542 759
985 970
190 856
950 398
567 797
585 45
922 327
602 100
893 492
725 923
293 929
704 575
948 361
383 763
77 530
872 601
891 898
984 891
550 291
837 532
122 870
326 588
497 482
966 158
83 35
598 395
917 753
397 656
341 304
510 376
229 666
260 35
965 457
809 193
345 344
997 293
709 380
93 253
224 382
323 228
608 966
872 92
543 393
805 596
792 696
756 303
739 928
615 737
771 313
932 37
957 253
744 104
818 631
773 515
452 648
433 492
308 736
680 87
739 158
401 804
879 407
242 726
982 644
78 520
376 617
97 99
147 403
824 923
925 684
326 909
210 117
513 599
485 976
398 428
498 725
598 736
716 150
712 966
68 770
487 753
553 613
329 61
985 74
775 393
961 450
329 35
794 545
409 42
449 253
97 458
859 78
804 516
54 696
575 720
680 891
40 481
12 173
478 320
44 109
617 437
647 25
559 604
725 29
510 345
471 516
311 445
901 629
709 334
159 165
716 713
444 412
835 243
494 35
680 601
809 119
219 818
656 112
405 970
859 836
610 421
330 233
662 820
602 732
341 535
335 760
296 648
215 906
214 233
200 144
656 910
961 39
378 480
836 721
447 525
837 147
643 73
260 253
83 288
950 24
397 419
935 929
520 373
393 631
772 826
708 497
131 519
122 15
501 502
224 568
345 188
185 100
952 6
875 641
629 596
519 344
339 260
92 853
410 928
308 954
794 86
631 502
721 520
514 200
644 545
185 334
456 78
545 203
345 337
64 584
618 795
397 29
591 916
330 256
394 911
185 564
355 896
677 205
399 325
395 476
491 45
984 501
48 960
882 419
585 979
438 236
882 696
139 958
330 92
579 831
634 798
0 45
319 391
672 966
537 775
343 105
638 513
120 976
932 757
61 86
806 473
522 190
516 112
2 489
361 977
513 901
323 724
922 598
894 356
824 883
618 588
382 548
922 497
771 844
983 930
893 337
689 704
197 345
804 623
260 494
498 262
350 906
57 896
61 407
948 544
456 906
553 190
739 741
54 227
527 797
684 233
203 407
271 391
651 997
78 761
222 967
681 762
454 43
962 437
883 696
228 267
724 437
950 967
677 86
628 896
304 714
457 976
997 776
483 86
943 962
389 736
655 450
590 74
882 374
94 856
22 906
389 303
456 173
339 205
371 939
20 588
115 767
566 856
492 693
468 5
957 260
302 333
380 135
83 590
979 726
260 483
709 761
498 930
158 795
655 728
460 959
376 837
945 376
950 360
695 157
210 305
402 493
274 666
844 265
619 648
492 437
764 648
253 407
319 965
835 651
689 655
765 252
785 173
591 740
205 253
112 262
501 530
298 33
655 575
590 494
952 782
16 154
931 303
687 888
603 407
538 696
10 782
982 665
242 120
707 15
243 929
687 648
214 907
365 782
433 570
129 906
310 828
704 382
856 165
644 449
638 115
777 767
97 380
503 124
618 320
971 916
519 781
643 119
762 116
961 912
233 256
764 193
342 457
352 931
872 818
366 633
123 854
962 532
961 932
335 92
459 262
114 710
370 760
39 773
656 947
744 2
122 229
341 835
935 26
804 615
674 631
771 34
989 150
792 913
461 165
376 920
500 776
476 954
656 378
425 51
229 291
684 330
71 620
12 100
557 233
708 736
228 36
498 280
433 36
785 373
834 941
233 818
117 713
340 214
747 945
228 617
912 744
198 564
260 86
209 112
112 282
331 782
537 18
383 270
463 901
376 724
403 197
103 900
515 6
991 639
741 610
651 190
161 104
798 588
965 391
687 835
383 223
113 530
883 983
716 635
751 938
11 621
982 414
743 161
910 947
747 444
628 888
844 713
271 342
707 670
115 288
622 941
984 775
680 702
948 51
824 804
378 280
376 462
275 337
318 810
444 376
514 952
626 711
159 343
0 305
633 575
414 985
366 299
537 872
671 946
850 314
972 708
3 247
511 882
341 243
764 500
702 501
777 805
764 105
0 369
608 610
932 160
364 275
714 896
339 414
430 471
410 762
51 362
337 837
120 468
720 104
219 501
741 314
380 556
603 455
522 861
644 970
687 461
745 264
579 340
275 747
500 165
621 730
122 670
473 161
672 410
398 844
965 976
205 483
22 173
608 681
145 686
61 455
743 10
972 303
32 15
236 617
393 502
769 641
424 18
567 120
739 977
424 221
343 165
243 997
219 256
585 457
321 907
197 444
337 532
458 445
335 907
831 502
591 753
299 10
912 515
501 853
684 256
376 433
983 348
139 275
712 320
618 362
965 713
897 900
135 311
708 482
274 482
509 517
361 477
661 609
383 158
870 740
806 161
615 112
618 745
271 222
618 20
977 314
97 662
672 904
544 361
792 498
901 596
997 296
364 433
904 158
500 823
410 51
883 623
242 965
519 323
938 147
158 588
214 631
677 451
638 279
177 24
434 384
382 489
139 751
671 223
796 891
375 131
537 530
935 648
567 265
985 545
601 18
299 875
215 819
372 653
972 659
83 203
414 629
168 763
335 702
601 760
666 916
92 760
687 861
568 515
674 796
819 311
844 765
904 362
340 90
582 952
928 421
972 1
100 373
54 282
781 437
943 958
544 946
693 275
656 42
488 201
473 489
247 334
236 462
360 305
461 296
905 998
129 761
925 233
361 798
879 941
397 983
530 256
18 502
20 795
359 920
228 300
463 205
115 483
672 116
906 198
591 259
103 303
552 67
977 798
452 651
224 757
393 92
461 888
806 10
567 635
384 143
972 666
265 967
233 321
276 907
406 587
989 265
401 469
279 35
513 970
804 737
197 275
398 976
798 270
335 87
622 599
792 471
769 582
51 168
644 253
893 519
984 818
848 804
751 433
767 451
896 165
158 946
80 629
602 906
15 591
414 205
133 857
455 970
931 406
148 90
105 73
655 632
327 705
707 291
651 714
51 904
655 720
190 929
205 622
796 149
792 430
99 556
965 858
796 90
679 12
633 773
886 896
711 346
189 418
359 893
906 732
819 95
893 938
617 751
680 393
260 603
909 904
796 502
95 198
792 378
925 702
638 288
819 761
869 578
819 132
779 276
424 684
579 898
409 923
267 938
335 601
704 39
522 856
125 659
304 143
473 299
745 168
296 190
568 281
319 858
664 923
14 772
36 194
113 631
537 90
308 476
236 300
764 856
743 157
242 527
90 557
977 20
424 601
649 820
190 648
424 891
185 836
901 80
487 922
724 962
129 97
327 482
972 274
265 457
444 337
704 944
697 299
773 689
341 714
743 489
823 776
94 73
707 550
159 105
228 962
704 912
139 364
122 922
343 888
713 635
10 514
339 203
912 875
805 405
401 656
680 818
115 834
649 167
339 970
550 870
848 923
77 796
544 671
275 962
897 971
257 150
950 976
308 550
598 659
131 570
424 775
352 476
712 798
365 6
113 219
214 502
29 947
719 888
380 731
412 837
185 111
463 414
655 952
452 57
158 418
735 880
615 538
847 836
922 708
751 943
850 795
32 604
323 920
103 740
567 965
382 161
500 190
5 252
403 510
331 912
950 391
266 977
319 210
631 907
262 910
428 257
775 853
97 556
948 410
883 54
450 224
94 143
129 135
712 681
501 907
209 947
456 373
434 553
516 664
917 497
438 228
756 497
276 898
352 659
513 405
305 442
97 173
879 629
0 265
896 776
792 923
341 997
5 117
950 305
875 582
579 818
882 538
327 604
326 361
870 559
986 233
438 994
649 732
897 274
345 236
777 74
527 117
24 976
819 334
412 131
985 455
236 433
72 898
355 143
719 500
144 157
122 559
51 610
209 913
806 875
77 502
820 311
288 451
237 333
116 270
925 335
757 366
794 93
300 938
568 952
190 28
478 158
984 680
591 666
94 384
5 976
61 203
320 314
679 906
20 270
97 732
200 104
67 696
34 442
615 696
837 492
893 532
281 382
651 105
714 143
938 481
487 259
994 481
909 672
687 856
299 728
361 671
688 556
643 856
497 587
982 941
568 365
806 514
410 741
456 247
792 516
544 223
331 695
707 274
229 897
777 494
299 632
441 263
619 384
430 913
308 395
882 498
103 559
634 270
339 957
281 773
519 139
828 29
550 591
906 334
608 223
469 175
398 990
684 502
598 753
736 482
513 805
229 497
913 930
378 930
935 500
93 918
32 559
5 765
428 442
737 923
982 74
468 257
122 497
434 26
716 976
548 689
242 797
535 57
131 197
477 168
613 648
850 425
193 997
409 374
468 442
724 300
969 666
935 296
756 559
200 161
10 548
698 177
451 35
971 900
828 623
5 177
618 314
844 257
957 970
986 214
410 946
97 198
222 305
300 438
944 695
51 745
590 35
820 373
293 28
482 954
804 913
582 366
672 745
331 281
908 920
233 92
275 345
209 374
177 252
197 359
767 918
419 348
189 904
331 757
330 393
688 99
751 275
737 42
909 270
829 116
29 516
677 644
122 550
557 393
618 977
582 160
688 602
22 732
912 641
924 789
438 40
931 598
739 588
302 868
233 853
468 24
836 373
29 538
359 323
740 587
997 461
308 969
844 150
516 623
222 313
29 623
809 293
210 0
920 36
714 856
382 515
837 724
348 459
747 481
97 100
710 754
828 459
222 257
767 590
222 990
585 150
491 457
689 697
303 975
510 438
543 530
300 893
328 427
198 732
280 42
705 900
210 485
384 57
722 855
83 494
712 928
893 837
414 494
150 635
462 345
327 954
575 160
419 227
566 461
719 566
452 553
679 135
407 596
90 831
32 587
516 282
719 293
125 259
986 925
912 299
643 823
340 891
602 311
222 117
631 760
756 15
680 501
958 492
266 264
131 444
680 502
488 111
288 941
335 872
221 219
120 965
444 438
908 617
458 373
193 293
122 259
510 943
835 73
22 12
406 975
458 564
897 870
183 421
819 458
215 589
725 409
452 119
979 45
520 445
767 603
360 391
32 736
796 907
643 500
649 132
945 781
194 938
229 303
965 990
143 856
623 480
149 818
438 131
188 945
139 532
221 779
22 731
550 395
492 532
679 662
159 648
412 236
602 373
917 670
697 782
330 631
820 445
897 591
410 829
261 97
629 86
492 236
870 900
498 664
773 514
473 575
798 795
989 698
437 433
883 538
702 802
800 486
337 943
739 478
401 737
567 585
308 15
762 763
12 785
513 86
498 516
671 362
214 802
853 907
510 481
260 596
112 930
275 994
912 728
215 111
849 390
473 932
210 967
210 989
716 457
601 149
712 672
712 477
901 603
527 342
344 938
720 912
159 304
491 990
848 949
519 375
601 853
945 131
550 1
304 888
3 662
757 720
679 97
601 393
485 305
687 929
32 291
341 28
319 485
214 891
425 946
644 86
288 629
83 879
775 530
655 641
794 74
568 689
221 631
756 274
844 177
835 613
365 582
339 513
430 459
135 173
925 984
665 970
820 836
680 775
370 219
958 36
271 265
340 775
566 888
194 197
848 538
37 806
113 898
281 875
266 183
405 407
632 157
522 355
157 366
570 693
608 763
500 861
129 95
591 587
352 482
72 853
681 763
340 680
585 844
672 681
567 979
806 366
948 798
893 462
848 930
552 374
120 485
883 498
984 92
917 1
205 918
985 253
688 380
261 761
886 304
962 147
883 374
739 618
94 243
836 95
535 73
901 260
365 37
352 897
879 596
326 168
698 360
829 610
405 455
909 829
925 72
649 185
904 795
266 829
389 705
229 975
797 967
135 201
740 916
270 314
707 666
434 714
485 858
585 265
335 424
379 88
680 149
54 913
916 587
543 853
688 458
809 648
553 119
94 535
922 740
132 564
276 256
527 265
360 342
699 703
485 342
585 313
344 781
893 147
971 482
538 374
452 997
837 962
375 962
709 556
870 406
183 477
364 920
897 1
410 588
688 761
602 111
336 107
247 520
200 160
971 406
442 713
870 916
149 92
695 366
824 209
739 610
483 941
997 105
264 798
819 185
213 446
582 575
458 135
150 698
99 836
603 483
100 201
619 553
943 267
904 20
644 205
301 286
293 73
469 930
183 946
501 393
709 721
222 457
674 853
383 977
425 762
376 943
634 51
319 271
556 334
451 622
487 395
177 976
54 664
886 105
726 713
961 160
806 695
764 355
608 829
662 556
94 304
197 228
585 965
828 930
438 908
649 589
677 985
850 320
416 593
406 753
419 282
383 183
378 227
859 564
321 898
305 635
785 836
794 985
384 896
304 452
739 909
3 132
94 105
850 966
913 947
338 318
393 72
329 83
468 265
210 252
886 856
383 264
273 115
33 186
544 762
837 570
608 798
214 831
743 144
990 976
728 365
5 485
370 276
93 405
0 360
633 515
236 228
129 12
110 993
989 24
781 345
397 469
210 468
15 916
724 147
10 961
709 445
350 78
491 635
957 451
633 489
702 502
773 2
837 747
331 568
188 344
619 535
629 665
261 688
844 698
313 391
452 143
716 252
908 462
103 497
511 409
160 697
917 975
261 819
483 203
769 144
90 760
331 514
713 797
280 54
410 264
359 275
501 233
130 215
777 407
94 28
684 221
159 886
299 548
215 132
627 421
326 189
275 781
12 334
761 732
582 961
365 575
193 119
304 997
762 477
721 373
641 782
792 552
189 588
588 795
442 177
908 958
365 720
300 36
252 313
608 672
70 212
579 601
15 705
364 693
261 564
518 466
229 274
199 551
214 775
189 477
1 705
515 655
883 552
476 670
928 762
745 158
337 194
672 168
212 306
707 736
967 313
331 144
575 548
875 10
629 918
452 628
97 721
917 591
511 883
514 104
708 259
762 946
725 227
384 105
796 219
122 487
670 954
875 6
90 818
925 393
672 610
498 430
712 745
376 747
983 552
895 898
40 570
665 35
745 320
608 189
677 777
359 510
93 494
702 330
824 498
879 834
656 67
224 331
339 985
340 831
275 188
129 520
51 977
931 708
566 119
147 131
189 168
100 732
984 831
491 976
260 545
886 628
257 797
434 856
965 797
319 442
236 323
672 20
695 6
568 655
40 359
618 478
436 41
986 984
798 362
823 143
961 224
175 67
339 590
897 598
36 893
872 702
702 891
485 34
472 691
224 875
120 698
897 103
83 767
922 975
319 635
162 873
731 458
418 116
361 418
935 856
641 104
553 896
804 947
119 28
6 655
567 150
28 888
848 348
271 117
93 279
709 111
462 438
203 35
522 165
725 459
265 313
194 492
425 410
143 776
543 214
985 483
935 776
4 573
352 487
688 456
631 802
828 947
331 200
341 613
348 262
731 456
276 760
850 20
834 455
982 288
271 360
972 103
77 853
537 802
537 898
850 168
644 590
610 314
698 294
972 975
971 753
59 790
585 698
948 158
129 380
417 742
222 713
40 337
2 104
119 861
644 985
143 28
353 13
265 45
623 459
487 482
32 900
845 630
983 378
227 282
360 24
983 737
177 342
622 918
552 227
105 355
45 990
545 665
847 520
599 970
519 147
828 282
323 139
743 582
677 545
34 976
380 847
28 776
147 236
513 834
308 125
229 587
552 471
423 241
979 257
743 769
781 908
719 119
681 795
90 233
731 334
463 970
984 330
712 610
940 749
957 93
674 256
271 210
326 904
341 105
437 945
77 18
398 771
331 299
775 256
966 762
267 962
425 264
157 160
737 696
957 918
745 946
828 949
739 183
744 299
229 308
384 888
34 965
950 765
712 51
627 795
566 57
120 257
238 717
177 265
463 203
242 771
567 442
997 648
971 975
824 378
393 321
923 374
223 158
320 421
552 828
77 501
850 264
684 895
709 185
294 967
879 61
266 795
449 629
116 798
488 820
341 434
765 313
24 457
487 916
97 847
175 54
944 489
952 160
634 314
22 135
103 598
792 882
519 958
209 930
513 203
340 895
343 57
125 740
836 135
259 559
320 270
288 985
969 476
201 311
0 150
707 897
806 632
770 332
796 898
352 666
589 111
825 549
604 954
602 520
339 777
501 321
908 344
589 445
391 990
629 494
395 975
265 24
553 861
532 437
378 949
957 794
957 901
326 946
643 304
253 86
120 726
103 591
491 117
397 262
949 913
10 200
103 917
275 893
335 502
343 143
350 456
22 334
418 314
32 969
304 823
368 678
242 457
567 5
161 720
310 209
424 233
764 888
288 596
378 262
708 975
901 834
688 836
795 314
510 532
24 990
982 494
582 144
693 412
401 175
29 262
330 18
279 253
450 769
511 983
809 861
376 345
726 457
15 900
129 78
115 901
623 112
649 334
197 438
908 139
695 489
602 78
895 233
831 72
335 818
607 811
219 895
831 276
485 222
37 961
288 203
820 859
850 362
511 280
744 695
891 895
456 201
476 604
343 293
817 140
602 859
183 158
580 234
649 373
511 310
418 20
352 274
37 536
747 36
876 955
308 659
771 342
229 604
983 910
90 802
488 247
527 698
214 895
550 327
412 945
444 481
36 510
129 22
6 568
54 262
901 203
986 579
848 175
266 189
984 802
382 689
452 856
837 481
674 90
326 264
712 20
709 564
3 135
93 451
702 87
747 751
275 510
113 557
900 670
103 125
697 489
543 775
305 117
560 298
908 131
879 603
983 828
964 675
590 451
47 273
962 364
579 502
293 143
712 183
511 947
883 459
352 975
410 795
850 223
401 310
260 80
641 224
848 828
804 409
546 230
779 256
266 425
468 342
952 548
841 465
908 938
366 161
557 219
295 864
112 459
897 308
603 970
323 437
22 721
319 24
764 143
643 619
1 327
36 375
948 478
22 185
461 143
489 773
434 165
498 480
229 559
291 327
765 858
917 406
716 360
848 656
615 930
103 708
777 545
777 901
401 419
5 257
773 744
339 80
348 175
672 977
348 67
693 131
15 659
944 161
556 78
491 313
161 2
370 233
705 954
707 303
54 374
707 308
487 708
779 631
552 282
115 513
40 617
598 497
492 617
487 587
342 313
355 26
326 270
925 256
804 725
205 545
552 623
917 259
879 970
94 776
414 80
335 631
73 823
931 670
40 376
380 334
962 359
425 183
247 906
756 705
872 775
410 610
380 520
395 406
370 818
378 112
158 610
267 893
29 409
704 515
3 761
550 15
634 745
340 907
943 492
906 201
483 545
828 696
575 104
243 888
931 705
375 693
216 14
210 527
566 776
664 227
280 175
188 36
697 575
602 201
451 665
209 623
950 979
590 596
29 374
962 693
130 906
794 590
591 659
271 0
419 430
969 740
885 317
224 912
994 510
267 139
383 588
77 276
599 665
906 445
935 861
74 918
331 932
352 917
725 623
984 760
482 916
707 916
688 785
116 795
257 313
97 95
410 314
515 932
253 74
398 527
633 39
267 300
598 303
74 596
972 604
323 375
769 281
962 376
900 659
434 293
809 856
99 135
739 763
308 931
989 491
273 106
943 364
281 932
893 139
34 797
553 193
989 305
93 834
149 779
463 985
764 190
617 781
870 476
737 623
932 704
958 188
197 188
468 34
527 726
401 623
320 588
579 775
279 596
397 930
469 348
662 334
418 477
839 612
773 944
319 457
708 303
267 945
764 776
341 522
819 350
875 160
241 213
299 575
923 910
122 707
459 910
632 641
820 111
608 362
147 375
753 916
598 705
608 588
704 157
304 856
355 823
837 444
364 945
570 519
355 165
330 853
544 977
334 111
716 313
527 457
870 708
319 257
280 930
726 976
18 92
543 424
627 741
409 947
787 381
804 469
348 516
414 834
293 26
200 782
916 705
513 35
537 779
957 545
40 962
319 967
384 776
726 391
764 165
430 480
233 760
267 693
61 918
440 624
632 144
259 740
921 96
242 698
973 614
29 923
756 969
744 473
941 35
342 391
908 724
383 946
330 276
414 970
677 407
125 753
624 453
684 680
824 280
409 792
2 548
451 596
672 264
916 954
329 288
943 532
271 294
906 100
861 714
281 161
684 92
115 451
159 714
628 929
348 112
468 305
940 33
756 598
989 527
403 693
837 693
672 671
229 327
615 469
619 461
49 133
679 458
233 898
291 659
707 559
887 17
943 36
615 471
844 491
36 345
543 370
384 714
120 989
525 843
266 671
719 28
308 916
115 93
994 570
128 454
120 305
680 90
986 802
966 671
383 320
361 741
986 895
707 975
103 389
352 15
950 457
872 276
736 916
679 215
818 779
320 168
952 450
97 201
236 267
920 275
380 456
437 570
782 489
897 954
343 651
405 253
487 740
228 40
950 342
984 219
122 303
744 514
149 853
395 389
870 922
224 548
344 40
129 836
190 776
570 197
119 823
944 912
957 203
745 977
323 462
522 28
777 596
883 615
157 514
945 344
719 26
883 227
22 201
708 916
519 908
726 967
666 975
104 331
739 425
769 575
913 262
131 751
941 970
160 744
487 274
18 907
190 896
756 1
332 832
835 165
200 473
113 149
1 708
719 384
22 662
434 929
403 837
777 405
90 891
719 628
223 421
233 779
194 364
36 962
548 695
159 452
275 147
904 610
785 95
210 771
622 665
157 720
260 941
819 688
706 812
6 743
824 910
931 740
792 664
200 720
32 482
331 633
209 664
478 904
274 670
804 552
425 610
335 895
456 198
820 173
972 308
296 143
861 165
227 374
809 886
449 834
339 483
972 497
693 462
556 732
456 721
305 858
590 86
483 407
97 12
329 463
886 343
649 198
478 763
130 688
568 773
986 221
829 418
677 260
708 753
687 159
22 602
311 373
638 599
634 741
721 334
193 888
97 836
879 451
809 57
39 382
335 579
891 321
398 585
687 341
99 761
751 693
707 406
0 967
32 1
459 42
80 834
130 100
259 705
288 449
83 449
548 728
6 961
366 875
395 900
365 104
932 157
912 514
756 482
809 776
638 339
809 643
743 200
989 967
747 139
95 721
589 488
242 391
552 54
103 487
837 375
131 194
280 471
131 267
664 848
260 74
113 221
129 564
764 553
337 433
194 345
32 352
3 111
604 900
673 571
323 194
947 848
598 406
664 480
456 445
677 115
6 582
365 281
374 848
938 693
532 570
376 236
552 656
275 433
777 513
680 557
702 72
132 173
603 918
2 575
617 131
984 530
139 433
601 530
478 418
188 938
756 975
361 410
527 485
627 829
805 918
267 908
674 601
559 900
831 802
94 896
188 462
925 87
765 342
656 29
848 227
835 26
633 695
906 373
222 797
221 321
305 265
147 337
505 52
684 276
765 967
679 589
6 641
361 478
979 5
986 276
227 824
623 664
3 906
662 732
300 375
532 945
901 622
762 20
310 54
679 520
104 912
293 823
410 904
350 820
952 224
725 112
886 764
548 757
765 965
463 407
129 488
656 282
684 775
183 798
972 670
414 622
831 760
261 334
398 252
579 276
707 753
398 222
809 628
932 200
628 434
433 943
806 489
478 671
420 307
684 321
674 321
430 262
920 693
950 844
398 567
958 345
401 983
897 975
818 907
113 18
242 294
337 376
401 280
3 847
552 409
242 45
589 688
613 896
677 61
824 397
481 236
291 559
695 450
160 689
106 232
870 954
741 116
462 197
215 649
664 112
339 629
348 737
419 469
3 78
566 861
2 568
982 603
598 666
243 648
830 484
543 90
935 613
428 342
471 262
487 550
51 795
266 909
951 887
339 805
781 147
891 818
513 622
622 596
671 158
224 633
929 714
15 870
197 437
627 672
805 985
115 414
37 769
261 859
543 631
952 769
906 721
945 375
259 954
691 70
514 961
569 499
29 112
707 922
481 364
773 473
150 726
712 741
471 882
366 514
329 603
649 859
641 944
611 955
177 457
667 842
474 408
189 741
257 976
568 514
366 200
175 930
149 802
589 198
886 535
365 961
18 853
617 300
259 753
215 836
319 222
724 462
310 378
397 67
104 728
726 342
585 990
771 468
741 264
227 262
719 714
424 393
67 262
350 311
339 596
891 760
514 473
891 87
276 502
149 321
361 383
537 501
513 483
457 990
262 930
236 751
18 233
696 378
129 185
326 20
409 112
979 858
971 870
376 958
463 451
828 262
159 500
696 983
242 271
229 969
925 779
414 767
424 72
345 364
247 185
175 949
451 599
488 456
697 10
428 765
456 761
430 209
538 227
198 100
194 532
674 543
662 173
809 896
679 721
751 994
983 623
564 520
764 26
649 97
125 1
97 761
553 823
702 853
129 247
497 432
335 779
695 514
40 462
598 476
891 775
326 745
175 910
725 848
480 947
34 391
543 779
648 856
848 511
617 724
568 299
491 305
725 419
335 370
564 311
765 457
938 781
209 696
601 276
339 665
281 489
740 975
941 86
401 848
194 994
130 721
835 719
527 252
619 896
345 837
5 305
129 785
950 567
183 418
113 214
425 20
664 983
313 635
674 276
382 875
966 183
688 135
641 575
481 131
567 527
339 941
39 366
209 397
971 604
291 922
463 253
93 596
670 659
567 428
125 303
966 904
326 928
299 2
193 929
267 403
850 904
762 798
97 334
745 20
382 773
828 516
201 732
511 29
651 28
757 704
638 83
886 452
327 708
340 502
274 604
288 794
256 907
792 397
500 73
243 714
425 314
280 209
781 444
355 714
544 168
288 205
725 378
726 858
824 930
122 900
22 709
485 150
689 161
3 564
406 476
656 725
773 331
969 659
548 932
282 947
378 664
651 553
37 39
775 92
340 501
370 149
702 631
958 194
54 419
656 828
689 912
376 323
961 382
677 74
556 520
617 375
687 535
221 702
615 209
360 294
530 631
895 276
20 362
872 907
943 359
910 310
323 751
300 958
97 520
720 952
709 906
442 342
767 93
848 471
986 370
215 709
352 740
425 904
489 224
897 432
471 459
623 282
932 365
908 275
261 380
250 49
513 596
382 37
543 984
712 223
284 218
820 564
296 26
361 966
177 967
544 588
376 532
428 858
214 92
782 704
91 349
652 885
310 538
608 425
680 802
957 455
1 497
280 469
725 983
271 979
150 265
209 910
886 193
745 418
406 303
113 340
651 535
61 622
719 461
664 42
644 405
311 520
6 104
557 321
870 395
266 745
6 39
360 177
765 990
544 672
944 104
925 543
94 886
806 2
347 827
3 198
705 670
944 224
487 736
341 94
777 449
850 189
139 943
767 494
829 168
943 920
747 532
847 859
764 997
601 831
132 820
979 24
0 765
361 634
513 665
674 775
550 922
398 150
883 471
489 689
21 195
78 198
6 450
966 410
740 559
304 500
365 489
883 282
739 544
109 64
681 223
745 928
428 265
978 988
162 600
753 954
972 916
219 321
886 165
575 366
920 492
895 775
677 901
289 783
891 276
904 946
232 58
751 376
480 459
43 874
412 345
956 692
660 508
693 40
403 228
94 929
304 613
326 671
305 252
61 494
603 253
628 105
75 768
494 455
761 564
556 95
281 582
144 515
113 891
299 6
476 975
771 965
119 165
329 115
553 856
359 345
928 264
424 214
773 224
438 403
589 731
271 5
329 918
61 767
779 898
705 975
221 87
219 276
193 26
147 197
383 362
535 384
482 604
935 452
856 888
293 355
632 514
745 610
401 459
910 696
835 384
836 445
291 975
487 705
300 197
644 879
989 635
618 51
370 831
575 695
445 373
77 214
604 303
925 818
326 618
634 829
835 553
275 267
430 930
952 806
590 407
236 197
785 185
561 180
704 582
50 429
264 946
497 274
22 111
566 26
124 142
550 917
487 954
805 74
731 311
632 224
777 205
304 535
113 802
603 203
622 834
948 421
77 684
837 510
836 100
337 438
125 497
745 116
619 929
522 57
478 51
261 785
77 90
751 444
275 323
893 228
458 173
552 947
329 590
0 177
57 73
980 251
768 851
497 559
8 866
326 762
305 45
720 473
848 209
323 188
188 510
777 941
747 433
383 909
920 375
409 882
209 480
376 228
912 157
709 198
430 175
463 834
756 587
90 631
222 976
462 532
649 78
384 296
36 532
671 763
858 990
330 502
764 613
287 289
476 659
527 257
452 613
344 751
15 395
365 912
613 888
835 193
681 20
227 696
488 132
965 967
946 20
37 548
831 779
975 954
548 366
929 823
777 35
708 954
158 168
190 888
149 891
311 111
437 938
350 859
671 762
794 901
485 252
945 444
159 57
61 629
40 197
3 589
348 280
243 856
480 848
221 831
598 975
601 702
491 428
834 596
497 705
370 221
966 588
767 599
405 203
687 643
809 935
428 698
113 90
120 24
527 976
756 476
932 728
753 482
413 297
798 20
882 480
478 270
132 95
282 824
859 445
585 967
129 311
796 321
633 655
185 859
962 345
449 86
949 471
130 458
97 135
829 798
261 445
0 989
205 455
756 708
10 489
603 599
552 949
895 779
326 712
679 350
485 990
765 442
604 670
994 908
340 321
113 779
859 100
559 432
227 401
463 545
406 736
712 383
194 462
374 378
598 604
389 954
767 596
130 761
279 455
424 907
389 670
319 5
545 405
236 724
804 209
643 193
410 362
687 997
975 432
139 197
331 160
449 494
972 395
644 35
337 323
761 721
380 732
923 913
94 165
752 817
290 284
737 409
977 158
515 875
728 157
971 705
157 10
753 975
925 340
67 29
648 861
150 713
781 376
271 713
737 480
320 795
210 222
266 608
638 982
696 664
948 425
502 907
634 763
687 553
319 567
335 853
260 970
161 632
288 513
972 550
585 713
360 713
215 721
829 741
205 86
982 805
870 389
623 310
185 201
994 403
537 92
305 24
461 293
769 720
449 483
3 688
150 342
320 928
452 896
242 979
326 610
200 281
782 473
944 6
679 602
193 500
313 45
348 29
2 224
418 264
386 11
504 933
602 836
0 771
398 342
649 350
901 455
510 747
684 90
257 967
852 981
613 355
643 613
319 45
952 489
197 943
200 224
651 823
350 185
197 532
895 256
308 559
161 704
293 500
797 252
104 695
957 329
997 57
463 596
687 57
582 757
438 532
831 898
395 259
266 762
716 442
501 775
130 488
785 445
872 149
188 376
522 105
958 437
83 414
159 535
666 659
756 736
995 597
229 708
10 632
743 704
148 526
681 362
450 160
714 165
780 647
252 45
314 421
550 476
984 684
589 761
375 197
144 806
485 294
94 823
510 958
769 961
61 83
897 15
608 745
552 459
210 150
910 29
631 72
118 400
403 364
37 224
697 514
215 78
83 407
677 405
418 270
280 227
205 279
341 776
18 276
36 492
158 314
159 997
487 15
977 671
183 829
360 252
104 39
122 917
147 617
908 364
337 36
679 334
969 598
743 932
704 160
488 78
469 498
753 659
327 274
294 976
696 401
242 5
291 708
489 331
183 741
608 671
319 252
42 262
633 6
175 552
848 430
731 721
179 21
688 520
765 713
767 901
227 511
94 935
740 303
188 147
282 538
530 321
591 954
744 769
80 329
901 279
361 627
331 875
61 483
552 737
319 491
280 737
229 922
452 193
681 270
908 36
279 941
938 345
517 338
243 861
173 564
488 906
279 982
743 757
590 545
651 856
125 274
1 274
235 838
910 882
566 896
910 664
751 364
78 201
451 74
256 502
709 662
462 938
412 359
714 776
122 308
86 329
957 86
725 310
519 188
341 929
987 363
812 801
767 985
39 782
613 776
764 28
159 522
859 732
929 888
160 365
341 809
886 243
304 461
170 539
414 329
989 771
971 15
215 185
643 997
304 355
329 941
704 104
262 469
442 797
262 538
847 173
947 824
771 990
875 200
567 117
898 907
326 634
57 119
340 370
266 51
544 795
437 908
291 497
37 10
12 556
515 37
257 342
649 247
159 651
923 538
883 348
713 265
627 158
478 116
797 45
761 373
875 720
319 989
904 264
948 588
608 264
308 670
304 296
707 482
350 201
264 116
813 25
300 920
671 421
378 282
809 714
870 587
590 80
513 629
985 629
330 760
989 713
958 532
702 775
979 797
935 343
376 908
977 829
655 2
10 944
233 502
296 929
687 119
117 976
451 982
695 382
340 87
482 705
380 350
989 252
777 115
745 762
382 744
655 365
214 276
2 720
651 293
161 582
740 900
613 929
935 619
516 824
397 511
958 724
67 913
374 310
649 721
468 485
2 704
51 946
492 570
513 941
946 795
364 236
872 330
151 354
34 713
844 45
410 158
726 313
501 818
785 78
893 693
847 99
582 695
522 888
764 719
299 37
570 139
757 575
361 608
113 775
198 445
950 858
90 276
805 449
664 262
739 762
288 665
450 37
643 776
695 200
175 262
687 935
281 39
205 665
649 95
223 264
664 882
595 336
767 834
901 449
139 131
693 444
377 996
771 177
771 265
513 407
931 432
870 666
904 168
384 26
760 853
544 51
259 670
935 553
530 779
651 500
115 622
712 314
374 949
51 421
633 10
747 40
519 275
177 117
488 731
566 384
488 458
194 693
428 177
950 252
468 360
434 861
157 104
713 858
532 359
977 946
61 288
304 651
634 421
2 200
923 498
925 502
648 119
590 253
893 444
485 713
575 157
879 253
544 829
917 931
901 545
819 520
858 45
662 132
294 797
319 990
389 587
90 393
550 666
3 95
532 908
627 966
596 83
712 158
378 947
193 776
67 792
756 550
932 912
741 928
883 42
521 663
61 93
360 457
480 696
724 188
610 270
129 100
94 651
67 882
591 598
266 763
769 944
633 157
223 610
837 958
806 932
641 961
567 360
950 271
896 856
850 270
131 837
113 872
979 457
359 131
374 737
590 483
873 30
329 767
143 26
965 177
957 599
462 994
80 879
3 173
618 904
88 240
965 24
236 893
352 670
739 798
424 898
897 736
582 514
707 954
585 342
455 407
257 360
331 744
627 116
962 920
601 256
957 677
120 265
982 203
260 918
130 373
662 859
537 321
617 337
99 732
557 72
591 736
37 104
355 119
54 378
929 28
205 451
348 401
633 757
687 434
882 828
185 373
130 311
403 893
489 568
194 945
656 227
834 329
850 634
228 945
897 550
801 902
95 373
775 631
935 719
214 90
473 2
965 442
228 943
619 73
502 898
901 35
840 562
97 185
183 270
484 230
984 256
641 952
781 693
731 99
931 954
601 501
819 556
473 144
442 313
39 514
418 795
103 308
656 983
615 498
65 974
662 456
744 365
67 471
383 610
638 80
553 355
329 545
553 384
901 405
360 117
513 279
744 161
962 438
925 501
797 990
93 622
243 896
893 188
344 433
672 320
912 769
228 920
122 753
716 965
634 672
918 970
835 888
488 173
189 909
247 173
794 494
599 879
994 236
1 406
479 755
350 445
948 383
901 86
794 279
870 975
756 917
94 888
444 40
782 744
764 714
557 853
361 314
634 681
576 827
821 464
299 720
341 190
911 369
850 383
913 615
183 116
100 311
588 421
587 659
767 629
585 222
797 391
242 313
809 190
617 893
557 779
643 719
912 366
422 47
629 405
544 608
481 433
862 96
672 763
36 438
150 457
944 582
644 414
342 713
438 275
608 314
875 633
982 985
627 977
130 3
271 990
348 930
538 430
32 259
291 870
115 35
516 419
32 756
794 767
684 779
271 313
200 704
757 200
280 792
37 473
341 193
352 971
95 201
281 224
129 3
983 227
245 314
932 489
224 160
747 693
548 568
318 18
557 898
104 773
271 844
209 511
558 919
835 434
205 74
697 757
925 92
804 227
830 597
337 781
22 520
511 696
651 193
438 837
22 3
100 721
78 111
945 693
977 588
957 74
335 501
370 92
679 95
177 635
613 119
556 201
914 788
567 771
428 150
897 604
920 747
585 771
396 939
548 632
696 409
327 591
257 965
662 721
329 638
750 69
462 147
240 524
94 861
229 259
405 83
519 492
303 659
24 858
608 410
120 716
510 693
343 896
94 461
579 872
279 86
434 997
948 928
189 425
434 190
983 459
928 946
608 627
983 804
397 615
203 644
10 932
585 797
966 314
782 743
745 681
739 477
418 610
97 859
649 456
359 437
92 898
969 604
105 714
159 776
294 990
215 785
589 859
271 120
872 256
352 327
304 165
418 168
543 579
702 760
219 831
575 200
516 430
804 348
73 28
87 898
359 908
208 388
122 972
535 296
122 975
18 393
544 270
530 760
603 74
0 442
221 18
37 281
188 438
158 763
731 185
643 452
897 708
359 481
882 623
157 37
348 947
221 760
12 859
144 773
641 365
765 177
224 655
99 95
679 820
483 805
970 767
986 537
556 135
54 615
844 976
489 450
731 100
485 117
925 760
671 928
327 670
544 928
819 731
513 494
696 419
327 598
228 693
291 954
80 203
383 671
51 418
183 223
794 596
344 275
719 143
6 720
619 997
865 640
816 998
215 859
948 270
488 334
253 970
709 602
989 45
262 923
671 168
931 389
380 859
483 794
651 461
51 264
403 359
15 259
138 368
320 116
159 293
195 38
986 853
32 708
300 693
603 288
792 459
80 93
969 736
935 119
359 693
688 173
461 896
343 384
780 441
522 143
724 945
210 257
352 308
909 946
177 797
335 330
428 967
214 760
983 913
425 928
243 500
327 432
428 45
918 407
77 537
945 837
724 364
861 73
380 185
545 622
680 631
116 314
628 856
149 330
707 395
494 665
63 66
53 682
316 367
210 765
548 744
965 726
655 144
716 485
361 264
393 802
769 633
570 724
988 272
872 796
641 743
556 721
829 20
809 888
42 824
463 957
997 73
785 732
731 785
352 303
242 150
544 383
304 628
879 794
948 850
410 418
304 553
805 638
188 444
945 275
820 334
327 587
739 51
210 265
537 680
579 219
969 900
782 160
979 491
200 450
593 884
113 818
345 267
72 276
923 696
935 997
610 763
501 895
428 222
886 57
104 10
672 477
5 294
335 221
792 511
358 905
5 265
970 777
488 859
575 912
280 430
491 360
819 564
74 455
147 40
300 532
579 221
613 165
376 893
159 190
309 774
455 35
696 725
139 337
644 513
438 893
566 434
18 779
497 666
986 702
931 497
589 836
428 726
228 139
741 418
886 643
260 414
1 922
308 870
984 872
361 588
198 173
958 433
545 834
537 72
582 689
579 530
375 444
979 976
680 92
2 515
3 836
90 779
341 886
837 920
932 224
704 365
935 714
374 42
553 73
608 928
266 741
568 575
343 355
389 666
731 556
643 535
688 132
39 299
243 776
908 751
566 190
698 313
687 823
42 54
850 928
130 556
257 765
481 267
139 345
644 494
850 745
129 859
331 450
764 119
187 839
429 404
728 281
346 316
293 57
125 395
982 545
320 477
411 822
589 564
132 458
83 834
32 707
649 99
160 489
725 282
543 601
1 954
617 994
707 487
969 916
963 467
175 615
649 662
522 500
200 299
32 327
335 891
671 681
77 321
762 610
886 190
674 895
836 111
203 665
761 334
439 534
352 591
100 334
492 438
714 888
383 798
228 444
280 913
348 664
271 457
35 449
947 175
901 982
374 930
51 798
779 321
777 982
515 806
24 313
491 726
689 473
697 944
618 928
828 792
414 805
527 428
589 311
879 622
409 516
928 795
844 858
979 305
407 638
478 183
228 337
339 61
618 264
824 419
300 194
986 907
989 965
275 36
185 520
696 947
393 87
897 666
331 655
530 907
708 598
130 649
57 823
259 482
361 681
543 557
69 933
969 402
494 985
419 310
751 492
897 389
707 259
782 515
294 442
599 794
222 858
130 589
944 450
655 695
360 858
687 296
997 28
215 488
291 753
462 375
341 119
425 966
335 684
882 310
538 480
78 95
323 403
500 119
37 952
925 557
872 87
732 311
765 24
401 480
2 39
781 837
243 823
348 409
219 502
383 681
335 72
18 802
850 829
343 776
870 736
765 117
835 619
54 848
398 177
510 40
34 24
471 112
183 20
802 276
452 535
477 421
407 260
257 265
524 31
172 171
67 538
944 473
819 589
743 961
323 433
614 934
444 267
688 721
72 87
764 522
293 190
370 557
149 72
985 603
641 568
308 291
480 175
414 638
553 997
897 497
113 92
590 834
745 588
266 418
941 985
335 340
93 35
695 281
395 753
99 111
51 158
756 103
149 87
836 556
664 175
399 862
882 983
112 696
950 989
352 753
300 139
97 564
78 334
253 805
680 219
487 604
709 456
375 908
494 677
986 72
570 444
617 36
923 883
473 641
719 929
644 80
502 853
781 131
425 158
698 45
716 5
32 406
687 651
627 909
451 61
619 105
267 958
193 105
994 724
994 412
425 168
739 362
679 709
205 767
781 433
806 331
342 265
18 631
433 617
681 588
984 631
928 168
519 359
501 802
261 132
857 860
568 157
139 693
403 958
918 794
971 917
120 527
771 24
209 42
348 923
678 507
348 310
135 520
452 190
809 105
308 497
395 274
925 775
463 86
183 588
687 28
3 820
716 858
519 747
751 462
224 144
219 760
705 587
970 677
288 86
438 344
419 480
120 313
158 798
132 859
627 410
736 705
450 157
147 437
628 714
350 100
214 149
100 111
219 853
320 223
601 92
848 552
643 26
782 582
340 77
532 724
781 920
985 83
112 280
424 831
32 740
55 128
544 320
323 40
771 491
375 751
665 455
341 764
361 158
831 18
958 994
57 714
544 183
965 45
12 135
228 188
419 883
120 457
927 727
350 247
122 1
482 666
242 210
950 713
702 898
259 432
147 532
979 967
71 788
398 120
36 945
579 907
893 781
370 501
129 649
782 944
105 57
188 908
243 384
785 564
826 999
385 53
527 990
568 200
242 491
90 530
485 265
958 40
671 798
348 725
537 853
190 714
97 602
374 983
120 990
398 257
724 781
395 705
364 837
203 985
260 451
714 823
112 824
698 635
672 762
662 731
236 139
380 201
6 704
632 952
986 680
188 617
450 382
697 366
804 923
469 310
74 86
684 702
983 29
29 883
632 782
478 477
977 264
434 648
451 494
510 893
271 989
407 985
550 559
516 737
32 395
389 406
923 828
728 144
141 650
406 659
632 39
687 500
739 264
221 895
344 36
122 971
125 922
452 500
704 366
920 438
39 697
471 913
157 944
0 468
656 804
189 829
545 629
653 470
535 648
725 280
483 279
631 256
835 714
147 481
912 37
104 366
22 859
608 20
522 823
236 510
74 941
359 364
34 117
449 879
434 535
300 444
641 37
557 895
319 305
677 449
83 970
791 317
962 747
471 910
943 781
401 615
891 92
716 222
662 458
468 177
117 252
95 111
886 73
741 588
3 520
99 334
323 962
709 732
747 492
567 726
681 158
712 763
87 907
458 78
219 72
927 799
679 373
326 158
291 670
132 247
720 944
340 256
261 836
430 348
537 891
374 615
343 73
522 613
716 391
943 519
468 491
643 28
323 131
629 253
537 543
567 713
243 613
622 494
3 97
488 556
744 875
425 829
112 397
516 67
984 779
478 189
618 610
491 222
291 406
550 753
931 736
793 595
665 644
397 348
746 561
782 757
945 345
515 200
901 407
850 618
665 603
649 731
330 77
582 641
904 588
931 604
149 221
122 587
897 487
708 395
971 308
945 908
514 161
977 116
557 818
930 792
519 945
310 930
618 418
796 370
12 732
473 728
889 789
42 913
345 908
103 670
909 320
340 986
341 861
688 111
424 276
908 323
160 366
949 792
264 795
968 285
27 657
129 847
288 879
243 619
684 601
188 781
920 462
424 557
874 254
209 498
969 708
886 823
836 520
343 856
570 337
886 929
601 895
105 896
983 824
193 165
3 334
1 666
906 173
205 115
579 984
419 947
194 139
633 281
360 313
806 6
604 432
360 726
261 198
537 219
671 904
728 689
989 990
403 617
585 527
648 776
969 870
193 714
979 698
834 777
745 477
731 173
806 365
228 532
859 761
90 321
909 795
677 603
115 61
931 327
22 380
478 264
610 798
745 741
634 477
672 829
589 556
247 556
215 761
619 628
850 116
223 798
476 900
698 726
589 732
384 861
159 355
532 751
341 343
632 944
487 327
557 702
214 72
688 201
237 727
767 405
125 389
719 535
615 623
655 161
553 296
648 26
693 376
623 42
271 491
698 797
77 543
308 274
215 380
633 912
673 551
397 725
6 224
66 208
364 337
103 870
457 858
756 389
917 969
86 545
679 456
262 516
491 967
262 552
982 599
194 962
806 450
886 719
796 221
451 834
824 29
18 986
674 214
442 858
452 522
271 150
886 434
300 147
478 741
438 693
498 374
925 530
875 697
501 898
961 299
139 994
785 520
674 680
997 26
901 918
480 910
605 192
854 642
188 236
185 311
331 961
78 135
613 190
462 492
341 143
684 219
552 913
904 681
965 342
883 112
296 57
702 543
516 227
89 114
556 173
300 131
86 638
471 282
378 471
627 425
56 423
567 177
491 24
150 967
342 45
583 540
634 183
34 45
741 158
327 389
17 435
912 160
628 355
602 458
679 688
54 471
67 430
319 726
491 713
897 670
601 907
481 337
966 681
684 891
756 971
726 252
433 375
229 659
697 382
90 330
190 26
247 100
144 6
589 662
12 820
615 419
718 226
0 457
103 975
456 185
319 294
912 10
425 977
743 875
912 382
777 451
928 610
130 732
831 321
310 516
74 115
10 331
619 861
805 203
739 671
589 380
986 674
491 294
615 409
428 976
428 24
648 929
708 406
6 157
649 311
407 834
664 725
222 635
732 445
903 255
403 519
938 444
920 437
380 373
210 342
757 473
909 183
792 209
272 547
967 976
664 409
242 360
6 37
384 648
886 566
40 994
15 406
719 190
471 401
487 917
634 158
132 201
113 796
696 824
282 913
105 26
198 135
121 953
205 93
362 477
931 666
568 161
374 397
149 907
761 201
743 548
125 604
205 599
972 971
361 946
697 200
355 888
228 570
719 243
492 188
969 432
928 116
350 95
879 767
344 570
308 327
886 714
384 119
629 35
129 819
125 476
651 57
971 327
913 664
500 28
498 737
687 886
197 945
189 383
74 61
375 337
342 858
210 976
442 252
931 587
398 979
279 918
403 40
824 310
485 965
99 373
489 200
623 471
566 143
950 177
932 144
771 45
712 904
54 656
330 321
648 714
135 100
13 324
679 556
32 705
80 777
360 45
90 925
567 765
820 135
591 900
502 543
200 952
891 543
737 430
12 311
130 520
904 270
681 946
366 382
979 313
288 253
634 362
515 10
494 205
139 376
478 977
105 856
564 111
366 655
401 29
765 294
434 888
424 760
340 557
979 771
629 329
72 760
487 975
952 704
847 100
51 588
362 421
341 566
5 342
598 274
802 760
643 861
743 160
382 144
478 610
897 259
762 362
961 489
997 929
457 391
500 929
511 112
804 480
437 893
42 804
266 627
538 804
95 135
664 552
57 165
424 502
3 721
341 165
557 907
32 659
947 516
501 779
299 157
969 670
201 564
304 776
634 928
258 869
908 962
655 200
725 471
757 689
945 462
326 608
86 918
872 557
891 219
15 604
971 497
310 175
183 314
485 360
415 607
366 515
339 451
449 339
850 418
728 224
762 795
627 745
419 498
553 888
819 373
136 156
61 405
274 303
430 828
922 591
632 720
897 476
131 532
15 740
461 929
585 177
95 334
198 761
406 274
319 360
665 918
501 631
902 980
695 704
42 848
107 46
40 131
397 882
698 858
6 331
39 160
24 797
537 87
836 201
243 434
918 982
796 895
622 260
120 765
819 820
119 73
77 335
129 721
22 679
548 515
303 432
224 473
501 424
491 342
680 530
928 798
117 342
149 219
132 906
909 763
771 635
144 912
688 311
704 224
252 967
566 73
45 635
296 823
975 659
930 804
183 51
117 967
161 912
259 406
923 401
585 305
823 28
835 823
891 502
243 355
242 117
498 656
747 345
935 73
618 410
708 740
627 168
946 763
832 153
142 63
116 763
720 932
205 982
619 57
989 294
433 837
617 693
149 340
613 856
112 480
969 753
393 872
604 975
736 659
908 837
345 893
485 726
210 34
480 54
97 311
922 559
221 77
29 209
802 579
743 632
215 373
105 190
918 483
891 631
679 785
471 947
847 198
923 209
629 957
820 95
304 193
393 984
589 785
740 753
510 267
452 26
931 395
72 256
847 721
51 314
850 410
736 303
835 304
641 806
437 462
22 132
997 888
935 651
468 457
335 898
488 12
724 519
662 95
983 949
510 228
456 132
94 293
424 219
900 954
157 782
922 670
847 95
688 709
893 375
938 433
756 916
87 853
737 792
223 168
159 613
679 847
412 337
983 480
221 872
656 471
901 879
847 906
820 201
86 767
177 422
944 575
638 834
428 965
125 705
643 165
271 797
619 193
970 449
425 681
243 461
132 836
150 765
702 233
363 509
634 671
112 923
469 409
957 35
544 741
2 382
850 909
32 870
898 853
378 67
67 112
651 613
835 522
771 713
497 303
664 310
92 77
489 632
401 516
948 223
228 433
575 961
666 900
481 323
677 596
598 389
672 798
785 201
120 294
893 433
185 721
695 37
762 588
449 414
719 57
764 461
666 587
35 61
342 976
909 762
747 462
618 741
233 72
10 720
73 896
310 656
719 165
1 259
35 767
587 670
395 604
570 147
291 476
970 590
331 641
198 311
77 674
296 28
223 946
950 527
352 756
401 882
634 20
897 587
844 294
366 961
622 86
215 731
271 585
567 457
488 198
51 116
687 628
488 662
985 451
957 205
42 469
175 29
459 280
761 100
291 395
543 831
450 697
829 681
608 418
115 985
120 210
40 492
705 303
361 189
229 591
130 445
12 99
279 451
310 480
979 222
511 459
677 599
567 468
649 564
401 374
784 263
598 482
40 267
716 428
947 54
410 20
370 802
15 476
498 828
622 483
724 693
567 491
925 424
482 975
656 209
131 958
950 990
913 469
459 469
72 872
157 489
147 444
236 375
961 144
478 425
966 270
513 449
764 452
173 373
375 781
174 750
565 141
619 714
458 311
986 557
913 656
193 856
407 205
777 483
641 728
87 601
747 412
847 662
308 666
281 757
596 982
193 823
519 481
409 949
916 659
942 563
494 596
389 432
308 598
487 406
343 190
603 941
568 697
897 740
567 45
271 976
256 18
282 910
511 656
917 303
712 270
2 366
909 223
689 6
829 588
122 591
777 985
227 828
777 414
608 904
773 704
383 672
92 502
337 510
279 414
707 327
54 498
455 288
724 337
132 12
835 190
331 39
522 26
243 522
275 375
971 969
160 720
895 77
688 95
437 481
629 451
923 615
872 891
929 26
649 458
743 104
319 844
344 481
815 204
304 343
550 389
545 253
341 823
550 705
859 95
86 115
745 362
129 732
444 403
494 638
10 582
627 270
383 314
771 967
451 329
245 59
0 844
210 713
819 602
406 559
672 223
941 644
22 785
802 872
329 677
15 497
310 471
326 977
200 39
51 681
231 490
920 40
132 373
345 438
699 583
450 10
275 570
831 674
256 760
3 185
909 20
112 910
409 175
398 858
243 165
10 695
708 432
348 824
550 670
603 35
120 844
515 961
853 424
210 698
568 160
117 858
173 445
966 795
450 641
112 804
160 144
122 395
632 515
115 957
741 270
771 305
655 743
522 296
398 294
744 641
904 421
51 928
344 323
643 384
438 412
522 929
39 932
559 975
917 274
982 253
948 314
340 221
433 920
909 477
501 684
641 548
463 483
350 556
497 753
969 591
243 57
458 201
3 311
530 802
210 844
619 500
777 288
970 407
696 430
89 877
983 409
944 952
398 360
468 716
665 777
983 42
103 406
403 275
175 913
585 858
83 603
601 891
765 360
544 681
478 223
756 395
729 571
159 935
233 680
122 931
271 485
532 693
130 334
979 989
719 896
513 918
819 380
684 872
67 401
613 193
243 28
409 282
344 724
753 587
280 310
684 898
834 918
193 296
962 444
520 111
756 125
259 975
945 920
950 242
697 720
329 260
32 389
535 613
160 944
193 648
802 779
585 765
171 167
610 168
94 26
39 952
831 149
760 898
952 633
387 505
769 489
544 909
820 185
331 365
680 760
689 299
215 201
500 714
370 113
282 498
655 932
728 514
920 139
618 627
545 74
304 619
438 359
922 954
383 829
449 260
267 375
743 697
361 425
702 321
159 243
930 401
304 384
634 610
632 582
300 943
319 150
634 168
659 432
462 837
67 282
906 556
339 767
397 664
321 895
209 54
78 445
608 158
361 745
344 376
598 954
6 281
40 36
348 42
731 201
421 168
530 330
401 262
632 2
771 294
271 252
0 485
599 339
209 516
522 461
631 87
189 223
198 520
723 865
720 689
519 433
395 303
835 856
965 117
708 705
160 37
468 150
712 795
478 798
971 395
773 548
498 227
697 632
731 130
679 111
781 751
361 610
913 378
3 373
501 92
32 476
930 696
745 829
77 986
300 344
39 744
361 672
86 982
613 105
962 893
969 922
773 769
535 293
308 406
510 364
409 310
818 684
709 373
395 497
188 920
135 564
589 820
304 190
948 634
662 311
210 990
223 928
739 946
566 522
321 335
795 362
210 979
596 638
412 275
458 520
397 552
54 348
210 5
679 732
511 910
601 537
820 78
425 712
519 345
459 397
87 579
2 743
809 452
478 909
728 575
731 732
252 635
350 520
511 348
15 274
94 997
713 24
689 952
696 397
288 279
80 805
112 42
982 513
775 233
125 969
966 116
29 280
471 348
434 28
430 882
769 161
469 374
796 680
161 6
67 459
227 882
86 596
741 798
242 428
5 24
634 418
552 378
159 619
603 339
704 450
570 893
144 641
792 947
74 414
824 54
947 374
688 488
280 67
198 373
15 975
687 764
886 997
837 617
256 802
680 907
977 763
414 93
233 113
771 716
203 451
948 966
886 355
823 888
629 834
389 916
326 478
962 958
585 210
971 1
761 311
137 863
365 689
952 365
397 401
970 794
720 773
744 944
949 419
643 628
32 591
739 948
972 870
886 119
753 670
781 36
450 728
247 22
543 680
375 510
487 303
194 188
579 684
608 477
403 194
769 514
380 247
271 635
725 913
492 139
920 337
405 86
242 222
265 976
461 105
112 947
488 100
498 459
697 633
627 588
709 247
511 737
930 664
665 407
804 949
229 432
794 603
949 227
403 462
564 445
149 898
792 54
2 633
356 706
428 391
853 872
264 421
984 113
579 680
40 300
425 909
882 175
907 831
61 777
655 299
266 798
419 471
485 967
434 500
468 713
739 745
74 463
412 938
291 591
364 228
943 893
327 559
492 403
522 119
188 139
61 985
651 648
115 463
633 37
511 42
149 530
469 656
337 994
0 716
132 556
809 651
483 834
426 422
938 438
596 644
958 323
341 935
40 945
684 802
131 510
437 994
548 514
288 339
548 450
261 311
811 787
582 224
274 659
588 314
419 175
537 335
844 5
364 188
771 391
219 775
468 222
707 1
917 666
480 262
498 29
125 975
323 617
680 779
184 748
294 635
743 773
631 853
462 300
879 35
229 736
425 223
796 631
350 732
898 340
450 299
482 670
243 193
773 366
938 570
215 99
115 339
875 782
32 497
886 28
925 219
532 433
150 990
712 829
257 442
5 726
437 194
745 314
233 796
634 966
266 314
931 975
376 194
376 519
794 777
54 516
938 375
646 978
850 627
943 945
777 83
535 500
189 946
544 634
627 763
901 985
90 221
456 129
757 515
946 477
773 697
130 97
378 511
744 582
943 375
928 418
158 116
319 265
970 80
380 662
39 568
382 473
756 327
589 458
265 635
132 761
520 215
767 74
276 543
552 516
337 267
421 763
950 491
989 391
740 666
120 222
958 275
326 362
760 796
95 520
747 375
947 459
847 761
633 144
896 143
908 444
405 941
291 931
922 482
737 910
544 850
456 100
359 188
193 57
352 598
438 433
469 910
765 726
688 12
566 193
807 734
671 270
87 984
782 366
872 680
664 737
132 99
113 601
173 732
266 320
634 946
844 428
409 54
836 649
314 168
227 67
983 419
40 532
566 343
641 697
831 853
704 568
510 197
18 891
662 135
932 695
352 922
662 12
720 568
829 763
550 916
741 223
719 619
935 57
924 81
589 201
487 591
875 632
893 481
139 444
518 81
537 907
326 829
804 280
739 410
61 80
458 111
392 878
72 92
321 72
656 824
344 412
491 965
969 389
310 737
867 937
54 737
158 362
103 587
834 339
631 92
514 743
707 972
343 119
665 80
433 359
130 261
32 670
120 428
709 173
256 891
279 405
638 629
515 720
458 198
544 798
120 979
837 188
765 797
72 18
327 395
419 209
916 303
979 844
805 463
938 36
913 480
5 150
618 681
795 477
935 434
944 548
666 604
178 915
731 520
925 537
590 982
806 782
384 929
771 360
261 732
689 641
907 113
281 10
37 568
622 80
321 256
662 130
680 321
12 458
600 453
773 299
414 513
619 355
744 932
330 818
326 383
299 224
478 928
90 702
603 463
629 203
355 856
969 954
847 732
944 689
585 5
262 824
229 125
818 543
589 78
304 648
844 342
219 802
149 557
242 252
777 590
228 747
37 514
579 92
223 477
591 303
961 720
601 321
662 906
522 293
463 93
632 744
909 264
492 345
907 760
984 221
366 641
721 564
12 95
197 323
514 160
448 657
819 97
412 781
202 283
847 820
449 622
1 587
906 819
305 177
543 113
997 165
513 767
100 215
680 113
18 796
370 631
382 10
260 513
835 452
204 668
957 982
296 776
917 900
129 99
147 958
643 553
341 628
324 992
672 362
649 761
882 725
42 282
458 380
159 566
77 579
633 728
556 373
94 193
121 137
958 197
879 115
744 10
132 78
197 724
80 985
622 794
95 311
719 296
792 282
882 112
160 655
582 37
548 875
708 604
326 425
364 344
886 888
271 45
280 923
859 111
348 538
51 223
627 671
781 958
221 557
414 677
159 929
105 648
300 837
809 553
925 18
376 437
57 648
677 35
688 732
188 751
870 598
266 712
15 327
406 432
352 406
175 656
728 366
967 391
882 54
527 222
904 223
672 588
185 198
494 80
37 875
87 113
883 664
144 568
527 305
695 160
323 570
262 656
764 619
407 329
761 679
260 205
233 543
886 619
129 111
931 482
348 615
802 898
430 54
300 345
502 530
671 741
619 888
665 805
401 664
451 414
383 168
751 228
908 236
321 214
120 177
406 900
491 265
410 798
67 828
499 645
837 938
545 288
341 73
319 177
370 775
456 602
103 922
612 669
291 1
929 143
437 693
428 635
582 473
502 802
161 932
267 781
777 86
923 471
908 481
725 828
2 281
189 928
6 382
805 794
282 209
566 648
861 26
92 702
83 339
633 944
183 762
261 201
932 633
335 219
863 783
552 29
491 257
893 40
922 659
120 967
74 35
299 144
433 194
489 37
545 596
515 473
760 684
891 907
185 556
837 323
115 596
923 419
972 756
197 267
428 305
0 965
850 763
971 476
297 328
285 156
798 314
931 969
57 190
360 797
397 947
185 132
352 497
267 837
455 83
254 91
257 117
434 776
824 459
233 601
378 29
215 556
744 633
599 115
708 476
582 932
122 736
135 445
42 792
425 362
61 205
203 834
205 794
935 293
530 393
32 229
337 908
672 158
350 111
553 57
613 73
891 925
952 281
590 414
498 983
820 129
5 713
488 721
674 18
796 501
781 492
835 896
349 312
281 697
343 997
601 557
132 732
977 168
29 792
299 757
556 564
247 602
198 111
221 907
972 291
977 904
895 631
431 722
129 679
603 513
92 256
380 906
818 87
997 143
777 629
233 907
615 378
343 714
77 702
728 200
674 530
984 537
570 462
901 494
591 432
623 262
823 856
765 635
247 859
950 210
513 590
257 391
279 622
61 982
756 900
67 469
724 228
623 930
847 311
702 818
762 421
175 824
219 18
644 622
337 403
771 150
837 437
923 310
395 587
806 773
34 457
32 274
989 34
373 111
938 228
361 909
543 895
698 252
740 705
957 279
352 870
861 888
228 131
724 412
111 12
739 20
366 932
585 34
313 990
1 482
651 26
36 131
405 622
983 54
267 323
243 628
904 314
444 36
618 421
359 375
615 725
688 906
293 861
698 976
139 412
609 404
767 80
514 281
6 782
497 604
214 925
516 511
72 907
478 634
702 18
61 603
343 929
721 785
87 256
190 165
556 602
935 643
365 473
253 329
511 552
564 688
779 579
175 737
481 84
130 785
602 820
311 709
677 638
419 848
480 552
20 763
655 806
383 410
687 190
651 929
209 737
217 784
845 700
739 383
948 762
655 514
94 452
424 256
384 856
728 944
15 432
455 451
929 896
943 345
859 99
103 969
977 362
829 314
20 477
35 985
516 883
925 680
568 10
361 362
112 310
883 480
437 747
445 679
909 588
834 279
458 456
205 83
946 270
882 824
530 796
966 20
34 990
716 967
326 763
835 935
912 2
679 173
909 421
304 861
585 491
458 761
229 756
350 130
125 917
398 797
383 418
469 949
950 442
707 917
802 340
100 688
644 83
456 785
194 893
917 922
42 538
617 267
844 391
776 888
260 644
438 519
459 923
622 455
781 323
847 819
682 182
139 945
986 760
488 97
797 976
279 115
339 407
809 619
135 761
339 35
350 602
655 744
270 362
638 644
221 775
879 339
478 795
932 782
820 731
280 374
1 659
129 201
463 638
760 340
622 407
120 150
909 798
388 867
632 633
931 259
671 418
117 45
794 451
743 281
790 833
566 823
591 476
743 689
131 376
449 918
824 737
720 37
809 28
687 105
352 954
450 632
203 329
675 992
719 522
900 432
844 468
139 359
122 389
78 731
502 557
39 450
530 818
775 18
139 437
281 104
271 428
227 397
127 118
797 457
557 92
913 419
835 861
310 552
806 157
764 243
276 340
279 970
111 247
570 300
77 891
511 623
697 548
259 736
95 380
535 28
222 34
535 896
835 500
364 893
329 879
116 362
957 665
559 666
139 438
370 684
837 344
835 648
183 168
615 280
688 859
497 900
111 135
632 331
835 764
567 313
229 487
688 78
18 684
185 261
355 73
695 773
51 20
119 856
51 741
570 267
459 54
412 323
259 274
275 943
872 233
957 80
72 330
271 771
834 644
87 986
267 747
982 339
150 252
879 982
910 374
313 858
265 391
744 728
513 985
455 483
820 380
39 548
886 500
904 116
557 891
310 29
643 896
566 553
747 364
794 449
463 61
961 697
598 259
483 970
948 264
433 945
105 28
920 519
183 320
798 477
513 329
643 461
728 37
765 265
361 762
253 35
5 391
740 954
922 432
579 233
579 674
359 444
693 323
853 256
979 150
622 629
3 380
608 762
437 444
228 519
189 158
492 994
948 362
944 331
796 579
948 168
941 203
450 514
319 117
90 984
906 520
557 77
34 313
527 391
920 510
917 604
242 485
488 445
847 602
530 728
94 835
681 928
214 684
398 485
944 568
707 591
120 491
740 670
640 379
797 858
608 946
573 245
570 194
931 559
340 233
559 753
762 158
257 294
618 383
312 529
618 425
615 828
35 970
756 487
702 214
401 112
969 303
67 511
792 348
132 130
485 698
623 348
398 117
361 904
173 761
898 925
741 362
701 479
804 664
308 753
777 957
83 451
87 330
952 961
511 930
966 223
931 870
970 545
602 785
590 599
850 588
828 511
502 321
662 100
10 757
764 861
129 334
809 929
802 895
731 761
627 189
350 22
144 104
452 73
619 776
274 975
719 613
850 977
352 604
527 360
651 896
261 488
389 559
767 407
548 769
543 872
378 409
870 1
945 570
403 433
352 122
629 260
116 421
319 979
42 430
135 334
456 95
401 409
266 223
337 462
485 635
632 932
77 898
917 587
77 984
989 485
104 515
962 570
337 131
909 634
442 967
364 267
835 119
130 679
633 582
455 794
726 117
634 223
707 705
957 622
596 205
262 696
0 117
383 928
492 945
834 260
330 680
35 918
144 39
829 270
341 452
879 513
721 247
221 502
87 802
662 836
628 500
197 893
631 557
966 829
481 781
851 560
909 977
818 256
553 293
707 900
0 491
61 590
223 588
449 545
834 74
15 736
567 485
671 20
95 247
893 344
732 334
582 806
886 522
461 856
397 910
771 5
340 779
80 483
736 432
644 451
532 323
652 654
818 853
339 545
42 696
94 190
120 442
166 486
721 99
771 252
94 355
343 613
969 327
105 861
265 858
398 965
340 72
185 602
831 818
515 744
568 104
587 432
193 461
773 582
831 680
67 480
471 227
870 259
747 943
330 986
764 304
398 265
629 279
267 36
568 632
689 331
684 796
966 977
266 362
901 638
950 726
946 588
294 858
445 3
266 610
294 457
632 912
724 444
805 545
952 697
72 90
907 330
989 5
886 861
395 740
125 707
281 515
445 12
629 74
409 828
910 552
633 961
587 954
896 888
149 702
893 747
34 967
5 635
350 836
601 775
256 831
487 1
522 619
883 378
599 455
304 929
591 389
879 957
401 511
844 24
883 725
125 15
480 949
308 432
485 313
979 442
890 919
223 314
132 785
759 246
434 355
913 848
130 201
535 929
907 543
835 293
687 896
12 247
185 906
665 941
608 795
135 132
778 315
696 348
252 976
130 859
957 603
489 144
532 519
256 221
698 305
144 10
608 618
961 773
643 243
222 360
938 747
331 473
5 360
34 252
972 259
891 986
792 419
643 434
159 835
0 976
665 260
922 476
103 259
77 424
628 997
87 18
300 519
948 183
92 219
513 463
455 86
828 374
568 744
709 78
923 282
419 409
792 262
67 947
665 74
671 610
112 848
458 785
982 677
326 421
719 304
125 916
906 564
498 538
599 918
721 819
837 40
445 185
687 776
687 293
552 112
160 104
236 943
582 299
756 740
149 543
12 350
949 538
5 990
268 701
898 530
947 430
112 913
909 116
719 776
452 929
205 805
78 819
704 37
455 253
828 348
532 267
77 72
343 861
260 405
459 664
897 395
95 22
34 150
374 696
459 949
743 382
341 384
2 782
125 587
952 161
226 960
651 434
471 469
214 335
0 313
623 656
641 757
798 946
32 432
719 193
430 227
409 397
292 523
150 24
922 259
875 952
39 912
373 78
229 971
147 945
712 264
712 671
689 782
373 688
77 775
262 725
197 519
197 920
326 183
739 326
398 713
382 299
984 502
586 196
603 590
615 459
430 615
608 168
785 761
745 421
934 841
310 848
538 409
282 480
323 36
835 643
80 513
126 609
227 348
677 455
809 94
210 428
78 130
948 795
42 175
969 587
92 674
414 86
276 537
712 362
986 424
950 265
537 818
764 293
455 260
433 444
166 448
984 340
950 45
779 393
380 761
190 143
161 728
236 444
134 191
602 261
442 990
495 974
623 913
265 797
923 378
697 695
904 418
538 54
130 847
99 130
771 765
341 648
739 266
872 340
461 384
775 335
724 938
809 355
259 476
950 797
227 910
548 365
83 74
806 39
804 378
452 28
113 831
950 965
257 713
782 450
303 897
468 797
809 522
303 954
982 834
5 965
979 965
280 282
765 305
405 205
321 543
850 478
602 380
135 732
923 947
500 26
307 569
340 18
633 514
350 488
809 304
361 183
425 795
215 12
599 405
962 492
948 418
343 535
591 670
662 819
414 253
384 73
747 194
882 923
403 751
431 915
85 443
984 853
931 15
5 491
210 294
111 173
482 229
299 695
419 538
989 313
950 117
29 419
271 257
100 564
54 112
674 818
835 343
544 763
360 265
740 604
409 824
743 575
748 637
731 709
762 314
538 725
567 24
249 8
557 256
334 132
643 648
641 633
757 514
844 485
532 920
986 684
969 352
320 798
502 818
487 125
418 798
469 378
649 173
514 575
37 200
288 599
437 188
469 828
304 26
666 432
716 698
632 689
405 590
502 872
893 908
912 281
160 806
606 269
450 144
424 680
627 928
459 538
365 757
210 726
380 130
308 756
570 36
908 403
243 535
740 406
22 458
209 949
882 883
410 745
935 461
476 482
370 984
488 373
552 42
355 57
382 641
480 227
94 343
2 514
469 824
455 982
120 635
323 444
564 847
983 112
941 957
458 836
264 20
946 168
294 177
520 820
150 177
87 760
35 483
948 266
847 350
994 781
659 954
502 149
879 260
321 984
585 468
339 329
342 967
345 751
568 769
488 520
364 300
519 40
608 183
875 773
457 313
643 929
719 823
370 214
662 373
193 190
553 648
644 483
281 575
920 444
805 288
550 931
188 481
395 916
326 418
785 3
879 463
954 103
147 908
434 896
896 28
61 901
209 828
347 676
848 282
629 941
79 62
227 42
522 73
847 445
782 695
975 670
264 168
383 421
948 745
419 828
0 24
513 61
665 677
438 147
680 256
374 725
516 725
688 22
567 391
326 477
510 444
655 875
922 666
481 462
161 39
705 659
850 741
596 405
361 168
545 638
828 804
767 288
568 633
92 986
709 785
279 545
393 986
805 279
319 0
370 779
643 105
281 160
437 751
957 494
22 819
223 270
950 319
695 912
425 671
276 984
221 802
535 823
769 160
20 314
655 37
704 548
944 144
434 982
359 781
604 550
310 397
519 837
452 888
886 143
627 20
758 871
805 93
459 656
949 280
262 804
99 185
182 145
544 20
260 985
111 380
288 80
281 655
777 279
760 557
568 473
10 689
253 622
361 266
449 941
938 403
515 160
113 579
875 489
414 455
912 743
361 223
680 370
744 6
719 452
352 900
741 477
567 305
795 763
383 741
78 679
847 261
463 494
34 177
282 262
373 22
591 274
92 276
809 165
984 898
598 587
613 861
824 623
601 898
737 930
393 221
352 229
948 189
303 900
375 958
733 555
809 719
648 165
242 716
160 773
634 795
969 550
712 946
403 375
189 410
275 724
449 603
707 598
511 725
835 28
214 530
175 397
398 34
264 763
468 726
497 659
319 771
494 288
598 291
327 753
343 648
458 847
879 677
334 589
696 459
796 986
516 882
809 461
236 962
719 343
950 0
522 384
677 80
401 378
193 861
161 489
510 519
931 972
982 80
582 697
623 498
873 302
716 305
875 2
728 2
613 296
321 631
552 615
961 104
375 481
916 122
157 515
835 997
932 6
681 798
909 362
994 519
744 743
649 556
771 858
651 119
628 165
628 553
6 489
37 782
425 798
582 489
74 407
559 954
77 601
585 485
271 765
910 848
120 0
696 913
721 589
476 587
473 366
261 556
463 279
449 93
300 323
986 256
510 617
702 796
395 1
726 635
94 628
492 376
188 570
875 695
665 93
311 785
698 713
989 360
864 881
643 522
643 296
977 762
2 365
618 116
872 77
616 207
931 753
629 599
633 720
73 888
228 837
897 482
276 87
970 805
161 695
962 131
391 45
459 310
260 638
90 149
962 462
847 688
29 471
946 314
344 337
765 976
397 804
947 664
201 173
938 943
638 879
570 412
41 387
157 582
627 418
794 941
414 941
829 223
434 105
78 99
989 716
469 923
86 35
891 233
637 255
410 421
419 664
628 613
351 821
662 198
432 954
680 895
941 115
631 872
559 659
482 969
271 305
556 458
949 282
5 858
189 51
897 125
130 173
418 763
713 391
409 848
173 334
94 296
557 335
103 432
51 763
767 449
757 568
157 875
267 437
494 603
267 994
724 747
705 922
398 442
796 802
698 442
917 659
450 366
633 473
308 604
644 329
910 949
120 771
457 635
173 129
329 279
224 365
434 119
452 861
530 891
409 262
323 893
487 308
430 883
374 913
329 205
34 765
543 256
428 713
859 198
194 267
29 615
796 393
224 514
242 585
5 313
622 677
648 28
280 656
912 200
275 300
262 615
805 901
373 350
794 83
601 796
234 138
986 818
744 720
535 888
183 977
796 335
48 594
483 879
920 412
566 929
201 721
875 932
485 765
619 190
819 649
233 149
737 112
511 480
952 10
781 510
820 785
535 856
804 498
481 197
99 445
567 967
590 941
587 303
113 276
948 712
598 1
452 355
859 906
219 779
744 37
159 73
596 61
644 339
575 161
370 601
848 498
695 2
264 314
276 818
948 671
938 510
446 225
785 488
236 337
721 173
74 329
494 834
599 985
491 391
428 360
943 724
67 209
570 438
737 725
977 681
676 287
384 500
424 984
473 157
480 42
802 321
150 45
5 698
941 205
62 44
935 896
161 144
158 270
809 500
777 644
461 190
37 697
712 410
177 990
948 627
925 853
824 913
585 976
340 818
469 511
40 433
913 538
445 649
594 752
72 502
930 409
414 918
971 440
129 458
437 275
393 537
695 743
34 305
581 645
93 638
100 173
189 183
702 537
300 433
713 976
481 345
932 450
425 116
201 198
559 587
1 15
590 901
931 476
741 421
879 93
596 985
568 961
157 952
99 22
10 366
293 896
149 925
150 117
935 143
904 762
150 313
767 279
629 677
684 907
591 705
966 928
935 165
22 78
468 858
527 858
382 944
94 57
617 962
949 67
93 455
452 823
514 6
395 969
279 603
464 803
222 294
559 395
39 944
535 26
923 656
395 670
519 693
329 599
83 463
948 116
513 205
984 72
393 891
2 952
488 679
601 925
966 421
350 173
804 374
848 516
326 798
764 643
651 628
895 907
761 836
40 943
617 958
281 704
468 294
664 511
693 36
674 501
280 397
961 548
861 143
859 785
530 335
122 125
617 345
288 463
131 994
491 765
223 763
944 299
342 990
183 763
502 986
516 930
197 617
424 530
764 651
449 455
374 516
432 972
672 314
257 305
266 20
796 87
0 428
773 10
35 599
501 221
619 28
878 187
608 977
829 158
557 276
564 679
455 339
806 728
520 859
737 656
901 253
395 229
952 744
406 972
631 149
502 537
210 491
568 875
296 896
485 257
638 918
2 932
716 765
304 28
34 698
80 83
131 920
236 36
947 280
908 194
882 282
306 68
0 527
709 520
259 389
175 209
705 291
757 728
941 901
382 331
197 433
997 861
159 434
515 224
938 958
15 598
552 696
596 455
378 623
506 58
82 408
530 219
537 370
903 218
773 365
320 763
459 175
299 641
931 900
224 10
994 323
977 418
111 649
747 344
618 189
643 651
696 282
74 622
291 916
582 515
590 805
424 113
23 322
326 320
736 666
100 132
633 104
93 203
191 396
983 209
87 831
0 797
808 351
557 796
598 917
731 3
271 24
853 393
406 916
319 698
120 342
296 856
741 762
941 407
870 327
54 67
773 575
655 697
753 1
805 957
922 308
117 635
564 247
345 131
200 6
319 976
731 906
308 587
704 641
0 726
775 557
115 590
674 760
805 451
163 108
906 95
389 972
113 77
809 997
957 590
553 461
135 602
950 468
771 797
796 853
437 438
135 721
659 259
153 392
412 197
177 313
674 340
401 910
405 834
103 705
705 432
971 32
3 859
242 305
132 679
335 802
882 378
489 641
304 105
785 819
343 193
629 407
2 450
544 314
462 617
631 77
907 674
22 564
628 535
900 972
73 143
428 990
434 57
430 310
760 872
256 393
501 214
492 275
516 175
152 79
113 256
619 26
530 92
613 714
98 766
512 661
649 261
492 131
804 696
975 308
164 167
227 209
150 360
103 476
29 480
773 641
639 466
173 836
943 323
792 983
559 482
858 635
247 201
744 575
188 994
476 917
803 778
728 720
632 769
189 634
348 498
966 51
0 252
719 434
339 463
330 214
666 103
601 502
468 428
651 776
853 680
327 666
424 340
129 132
917 972
966 544
662 129
756 291
116 739
343 296
530 557
270 421
543 219
340 631
809 823
73 856
659 103
514 782
125 32
343 628
95 458
185 679
18 335
948 618
809 159
655 473
704 10
469 725
935 384
510 344
1 670
36 359
159 861
345 375
984 233
498 552
6 366
337 693
553 535
677 513
395 659
94 159
530 370
649 380
104 382
340 330
552 882
189 798
281 632
391 635
158 264
135 350
397 538
713 45
390 572
971 103
215 311
665 463
426 855
922 900
214 393
909 158
962 300
0 34
407 86
406 922
568 932
656 409
922 972
450 633
87 779
989 468
519 444
971 659
502 370
352 432
305 797
740 659
361 763
201 709
257 990
519 412
300 945
882 42
242 468
643 57
374 511
743 450
266 116
376 364
319 797
189 763
532 188
111 97
77 925
687 94
672 928
327 259
222 726
672 418
794 638
847 78
0 257
543 72
775 149
177 713
859 334
428 313
910 828
709 847
344 228
329 483
938 617
37 575
794 339
104 769
893 958
339 93
458 709
67 824
553 105
334 198
270 168
456 99
380 12
36 403
929 776
516 480
684 113
687 719
341 643
643 293
36 994
948 977
461 26
407 794
12 198
480 397
12 721
274 916
437 36
1 229
183 264
879 985
403 344
904 477
281 366
459 282
731 679
343 26
989 726
458 100
719 651
909 928
275 938
97 132
403 300
972 753
527 965
200 633
732 111
870 497
764 628
125 291
884 181
908 943
274 736
319 313
40 412
687 714
535 714
604 922
39 582
804 67
331 720
729 82
274 122
243 304
684 87
687 343
627 610
481 228
364 938
370 895
596 970
288 405
437 375
999 136
83 982
222 177
51 762
236 437
522 434
945 510
619 143
99 173
802 424
882 913
627 634
414 879
628 193
238 754
359 837
570 345
442 635
242 858
9 735
139 36
716 45
516 656
147 747
615 949
183 745
608 739
872 219
159 384
5 222
958 945
730 987
398 271
628 461
847 456
10 39
215 95
744 704
753 432
183 681
623 538
901 205
482 15
445 688
538 828
567 0
651 355
870 432
403 943
684 674
908 228
510 751
514 704
844 360
476 327
482 972
337 437
189 966
731 111
890 700
535 105
159 143
615 947
669 814
90 895
941 451
305 965
775 72
603 805
879 203
461 500
421 739
93 644
932 514
32 972
223 362
159 628
257 177
130 247
553 28
487 969
294 265
975 736
189 762
965 313
157 161
130 456
271 858
820 761
90 872
805 115
739 320
662 602
350 97
449 451
276 221
378 348
756 122
716 491
183 671
401 792
375 532
943 837
527 24
928 361
898 818
912 450
492 300
398 0
410 477
343 553
210 24
401 282
705 308
979 485
359 462
945 337
428 252
103 15
809 434
781 962
739 904
544 618
797 313
326 51
725 401
215 847
828 664
256 898
923 511
510 437
879 590
918 494
664 67
341 651
520 12
257 45
659 931
149 986
764 57
664 29
314 739
984 796
659 550
687 243
444 994
671 314
806 912
985 86
1 559
294 45
649 520
847 135
986 321
282 175
215 3
935 888
180 565
952 773
697 365
853 891
971 931
535 193
452 293
897 32
282 615
834 599
1 352
906 785
579 702
175 471
468 391
10 655
724 359
859 201
835 461
707 740
320 948
425 421
556 820
442 117
949 882
425 588
589 12
488 95
935 628
149 393
619 434
930 949
568 450
99 201
227 615
975 969
135 731
221 543
769 728
981 357
405 638
559 736
90 370
261 111
76 170
958 693
428 797
724 433
506 746
264 610
720 366
535 355
481 139
527 5
275 228
398 319
193 28
736 291
403 345
725 209
971 591
194 275
155 717
159 193
872 925
726 990
364 958
837 197
994 945
541 493
522 714
796 214
836 247
445 201
527 844
687 304
567 858
666 259
99 261
189 264
982 115
954 15
24 391
279 665
726 265
393 233
957 407
805 677
296 714
950 120
599 93
92 818
632 382
972 327
262 883
37 773
649 906
745 270
986 831
215 662
779 424
243 190
331 575
935 243
897 291
532 344
72 818
757 160
288 970
378 516
478 745
364 570
146 309
627 362
921 521
462 519
950 635
72 221
452 461
627 478
488 847
57 143
632 104
22 100
22 261
447 504
99 198
773 632
708 559
86 339
618 361
954 229
983 262
271 34
39 575
615 983
398 716
243 553
886 776
95 261
161 224
917 291
157 200
421 361
15 922
398 765
305 713
954 971
340 796
527 177
948 946
982 407
482 432
54 725
139 40
105 823
414 596
480 792
568 582
331 582
421 608
670 870
227 175
519 938
548 200
0 222
834 970
575 875
383 745
57 888
93 970
382 365
804 910
344 236
532 275
496 75
966 763
331 769
130 198
672 51
335 149
685 74
407 545
935 535
478 712
35 407
483 93
271 726
818 802
5 967
424 895
158 20
1 736
266 383
99 819
90 424
767 463
410 681
649 785
618 183
970 115
87 775
477 627
520 261
681 610
300 510
501 579
743 473
359 300
781 139
299 769
629 205
410 168
802 925
957 449
425 383
294 713
732 3
643 566
945 403
802 891
497 591
305 313
42 310
693 481
850 712
418 362
737 29
310 913
350 334
585 120
393 684
274 954
92 543
681 168
339 918
719 856
966 798
823 26
522 628
603 777
930 227
913 737
908 300
271 967
445 129
681 421
305 391
740 327
183 610
997 500
443 277
886 26
721 261
792 538
257 24
160 632
658 295
747 131
198 129
242 989
677 288
476 736
217 577
471 983
359 747
36 364
222 342
982 93
618 966
206 738
463 599
985 665
538 737
705 122
361 20
946 478
837 139
906 12
282 374
623 374
707 587
361 795
122 32
159 553
950 585
681 116
288 918
985 205
792 623
677 339
10 6
604 259
952 912
527 491
835 535
130 22
147 693
967 635
473 160
950 428
628 384
985 590
769 39
409 227
966 739
666 753
264 544
764 73
203 596
566 296
879 74
270 189
149 18
478 421
944 875
844 305
113 760
462 943
702 779
901 451
765 698
603 596
147 359
941 805
588 270
219 233
183 928
229 972
719 997
736 327
618 266
210 442
444 943
1 476
414 483
883 910
751 920
579 149
618 672
87 370
366 743
618 634
910 516
532 236
189 314
697 744
724 131
589 261
0 713
375 438
545 93
777 260
200 632
923 480
253 677
872 530
725 552
2 331
900 708
824 848
681 948
697 161
72 579
242 844
261 373
705 969
751 438
917 229
35 414
725 910
406 969
214 537
883 67
736 497
450 744
578 936
944 932
370 872
200 582
209 882
132 847
741 20
649 3
194 510
971 707
613 500
961 281
428 485
3 679
319 468
67 498
967 457
760 779
462 139
449 74
520 732
709 261
354 249
281 548
659 897
695 568
802 77
42 401
373 12
553 165
352 395
615 511
0 858
958 337
409 498
461 648
397 737
744 757
916 476
656 930
695 728
24 252
344 462
201 111
820 215
545 115
906 458
219 702
321 925
643 190
528 386
970 638
197 693
224 575
157 641
844 313
870 274
39 875
375 724
18 214
731 445
696 623
414 794
824 615
104 757
364 197
739 795
666 708
904 745
883 913
844 34
455 941
348 209
910 419
157 655
482 389
37 331
559 476
437 943
997 355
80 603
904 266
895 818
628 776
502 113
299 514
948 672
481 617
590 93
527 771
917 327
99 3
304 293
910 67
463 677
378 419
405 329
972 954
458 185
632 37
389 707
288 834
383 966
740 274
159 119
294 252
983 280
913 29
631 831
930 67
520 132
469 848
818 760
279 80
853 802
954 497
918 596
618 158
842 415
530 831
462 958
861 823
78 311
135 906
853 370
757 37
224 695
834 665
631 898
276 702
602 132
67 419
712 634
989 858
83 805
716 294
537 233
113 330
282 29
22 589
917 736
418 966
559 598
455 777
658 404
243 296
20 168
203 279
116 671
32 550
410 266
502 760
414 901
900 550
567 210
115 407
767 941
796 330
340 393
543 802
28 856
340 684
471 804
651 384
175 792
532 444
745 671
532 994
345 444
591 395
60 546
335 986
299 806
125 954
724 492
476 753
511 538
36 462
412 437
633 299
598 550
767 677
895 537
227 947
986 631
796 543
51 383
564 602
962 337
818 393
680 214
0 990
967 858
590 455
439 211
979 360
997 119
913 401
638 35
116 588
844 965
487 659
169 541
341 888
997 856
264 270
159 823
28 165
94 553
374 480
491 442
87 674
994 962
83 901
782 161
93 74
665 414
952 331
708 550
510 147
731 97
491 177
724 438
434 296
264 671
487 670
330 601
292 16
200 744
848 397
651 165
688 820
77 760
610 544
83 629
270 762
6 912
619 856
986 775
882 280
567 222
200 806
949 498
930 552
740 389
291 432
853 579
115 665
50 248
670 432
12 201
703 121
469 112
739 361
641 281
341 856
444 194
319 342
398 967
203 622
928 314
850 477
704 806
511 430
707 756
348 882
370 674
242 177
895 831
418 712
767 253
834 86
949 397
20 478
613 461
77 370
638 957
696 310
403 131
590 205
575 6
120 252
698 117
716 24
850 608
557 537
15 229
105 888
480 824
552 348
168 712
34 294
492 364
320 264
731 12
965 265
844 990
747 438
461 28
229 406
655 769
604 291
566 452
442 265
452 714
341 159
950 294
267 433
979 713
256 537
352 736
401 828
726 24
501 831
382 568
681 266
840 991
131 437
190 861
398 457
456 589
741 977
753 15
724 893
449 590
203 794
532 364
115 260
120 360
530 276
445 334
853 113
350 132
144 2
962 403
150 976
294 726
819 732
680 221
705 666
144 366
599 901
224 744
227 913
3 456
575 489
712 361
917 897
451 405
228 412
829 421
589 132
997 190
570 958
233 530
907 779
34 257
553 714
882 615
847 556
451 407
773 157
215 688
94 619
643 888
757 875
247 732
261 129
635 976
344 492
511 498
559 487
406 705
158 850
380 311
751 570
159 296
742 239
782 655
477 314
537 760
895 113
424 87
619 74
764 384
572 325
897 931
777 93
697 769
362 320
414 599
18 680
957 61
296 165
510 492
468 990
764 343
648 143
405 339
407 414
348 656
514 875
757 489
279 260
266 850
150 294
409 913
341 896
708 274
951 849
221 214
989 442
115 455
737 883
360 976
279 407
782 281
10 728
407 80
681 739
848 262
794 834
340 601
115 918
618 946
227 623
389 975
424 579
500 888
424 370
540 474
771 257
86 599
773 782
870 229
251 542
410 326
664 469
824 471
18 90
709 820
785 334
161 773
410 909
149 984
739 223
67 725
185 135
692 892
763 745
634 410
731 847
740 497
451 86
215 261
360 990
473 961
588 610
986 601
12 819
642 490
501 330
271 698
836 564
243 452
405 665
829 904
731 132
665 253
552 923
97 688
459 29
629 115
253 794
834 61
550 954
883 401
532 617
476 122
767 805
430 910
397 516
424 537
391 976
405 80
31 151
87 895
29 949
656 882
0 342
907 370
229 550
311 132
222 391
200 382
321 113
395 922
997 714
42 378
198 247
763 410
37 743
629 93
119 929
744 961
680 898
488 602
100 589
543 986
847 334
456 97
633 743
809 143
552 469
424 796
567 342
844 716
835 809
457 45
303 32
359 751
545 494
401 498
627 223
548 160
430 623
649 847
809 296
698 342
656 419
932 773
844 797
483 451
201 520
405 449
679 201
906 820
343 434
596 253
94 714
709 132
310 615
275 837
644 957
445 100
697 224
359 938
445 111
281 806
344 194
989 457
271 468
866 60
835 886
376 938
131 893
743 39
753 922
648 888
617 747
564 731
73 776
310 498
527 713
105 143
649 201
42 725
632 366
20 928
695 689
364 519
798 904
294 342
620 877
90 219
1 604
693 433
751 412
395 736
103 291
977 270
434 143
763 798
494 329
916 259
310 262
456 215
888 165
950 485
418 425
330 895
556 311
662 201
619 293
445 22
52 528
516 913
5 797
764 535
566 500
553 776
983 947
39 473
712 608
674 149
769 6
276 501
796 276
67 409
741 909
500 856
282 983
112 430
739 634
334 373
674 891
870 487
308 591
104 450
203 86
215 22
591 708
530 986
831 872
242 398
6 160
922 971
132 380
965 252
672 421
326 850
103 352
928 904
407 644
970 205
246 301
72 530
806 697
175 725
570 908
463 449
563 258
882 469
530 221
210 797
434 461
679 99
665 901
962 519
820 97
477 928
535 861
590 463
935 355
958 236
828 175
126 577
18 370
828 378
731 247
740 482
740 476
515 743
6 632
747 781
899 4
537 113
969 1
728 382
303 971
633 382
122 291
556 859
280 848
135 709
785 380
764 434
288 35
424 149
274 753
516 459
451 918
824 538
303 670
384 190
459 804
731 836
922 736
928 362
100 78
587 972
262 511
34 360
666 971
958 481
135 215
781 40
984 557
256 90
935 105
414 288
450 875
938 962
26 888
757 157
689 157
80 545
979 34
638 253
527 150
910 615
362 264
738 690
35 474
366 37
741 966
556 198
125 736
762 418
257 858
952 575
99 662
362 189
45 976
159 896
471 209
74 494
627 326
193 355
665 596
809 764
671 588
502 775
906 761
950 34
944 961
689 744
771 698
897 327
756 406
599 83
229 670
223 618
335 90
536 718
86 970
459 374
496 184
348 913
247 820
461 119
856 159
253 777
745 795
743 952
311 22
459 913
73 26
665 638
590 638
78 12
0 698
900 125
481 36
412 943
589 99
802 775
511 282
72 796
492 323
135 247
500 57
455 463
201 334
568 782
330 925
483 405
157 39
912 489
596 329
732 185
261 820
271 567
962 139
97 22
51 608
589 520
687 522
539 472
459 848
917 482
5 428
859 721
775 90
35 80
946 672
824 430
115 603
656 696
946 829
954 917
721 311
116 608
32 922
744 144
274 476
819 456
739 712
270 361
601 219
299 704
807 547
928 763
693 188
375 188
737 828
720 382
382 806
247 78
508 586
458 99
587 550
908 40
695 632
724 40
916 32
260 288
205 879
724 345
670 916
259 587
104 875
494 879
170 968
257 457
599 61
35 805
57 835
883 947
608 383
74 203
982 970
132 721
926 683
619 341
104 697
329 805
406 897
757 773
320 410
374 419
695 144
116 477
771 976
175 374
214 872
760 775
39 655
835 296
80 455
461 355
149 760
279 74
714 643
907 92
335 113
794 61
527 765
173 311
168 362
39 689
477 425
471 42
952 144
421 544
829 671
491 150
478 672
622 767
414 957
709 488
161 299
419 42
116 712
406 482
203 253
601 818
979 252
275 236
548 489
2 961
966 168
971 487
557 802
189 681
510 412
965 635
471 439
77 256
175 623
410 223
344 920
582 912
341 296
103 122
564 380
806 961
95 130
432 917
93 83
24 45
837 236
99 380
410 183
173 589
462 131
26 809
188 403
544 326
633 548
123 574
971 274
550 482
670 756
941 918
175 498
229 916
403 781
412 376
389 308
527 313
219 898
616 174
568 728
971 559
705 274
160 641
293 776
304 119
382 575
74 901
900 736
930 910
918 253
432 122
997 823
516 42
321 818
412 462
469 282
848 29
197 344
468 765
794 513
256 796
373 859
36 837
432 125
879 665
144 782
321 775
829 320
485 24
188 267
576 202
389 352
67 623
617 359
147 139
779 502
112 399
34 265
656 883
425 544
382 757
998 237
498 42
893 412
34 726
683 377
10 641
15 587
894 860
469 430
18 872
923 175
610 977
288 74
331 548
366 689
487 389
781 532
707 432
83 513
726 45
515 689
958 228
530 895
131 943
947 725
57 776
590 622
745 966
130 820
196 176
383 477
633 782
714 28
373 564
829 948
622 339
382 769
444 492
498 913
665 767
383 634
739 168
769 224
103 274
264 588
847 247
674 219
374 348
432 395
757 806
459 227
468 45
29 469
689 2
319 428
382 952
792 469
613 26
916 975
627 681
681 418
736 587
150 965
215 247
495 825
265 990
260 599
619 613
119 714
34 635
628 648
175 883
305 976
257 252
932 641
5 34
303 308
345 147
485 45
913 828
468 635
590 288
588 712
173 78
731 129
485 797
587 352
553 26
757 961
188 433
61 638
723 936
266 634
188 131
483 253
449 279
343 823
908 747
168 909
984 674
724 403
1 432
702 393
73 243
117 391
602 198
687 143
970 74
883 848
185 847
986 872
403 412
728 160
374 262
401 54
314 763
666 395
54 623
501 986
181 101
51 671
543 335
633 806
567 698
314 627
724 267
773 912
161 515
776 522
961 655
761 111
725 824
276 233
900 916
618 168
994 300
922 756
545 767
209 552
756 604
966 610
362 829
619 823
648 886
481 751
651 522
850 739
785 99
660 786
795 270
267 412
147 943
398 698
705 753
214 984
910 54
319 585
157 365
253 599
456 22
355 835
224 689
130 709
155 98
310 67
930 459
78 380
334 311
552 538
997 566
696 498
619 296
994 344
515 575
445 602
350 731
2 582
971 598
362 183
458 721
366 224
720 695
994 433
907 775
303 327
532 938
543 330
442 24
463 941
389 476
979 468
366 769
331 704
398 313
74 513
215 564
407 288
550 406
6 2
674 113
455 805
806 743
370 256
950 716
260 805
802 233
971 740
810 416
762 223
144 704
818 214
891 579
532 412
337 359
753 736
966 326
398 391
6 728
36 724
158 544
483 901
795 183
293 566
590 260
420 881
771 117
969 122
819 859
320 966
291 969
94 119
463 35
203 115
335 233
577 16
971 670
677 83
86 603
293 714
397 471
792 804
398 45
543 898
400 413
104 932
343 619
149 684
194 375
850 361
662 564
161 331
111 847
412 962
428 294
732 488
944 515
469 983
556 22
805 629
150 305
904 383
382 157
617 945
677 918
847 589
253 494
99 906
414 603
598 122
950 222
51 829
557 579
971 291
185 662
983 67
538 947
18 543
848 737
135 589
698 265
731 373
320 158
233 77
139 724
189 672
544 745
831 684
785 350
438 194
323 510
501 256
105 566
61 253
716 265
671 410
713 252
120 45
397 623
277 963
618 763
971 550
719 861
442 457
233 674
401 430
670 406
414 405
94 434
689 633
393 760
972 125
72 680
952 757
430 282
544 116
80 205
979 527
794 405
29 430
105 119
320 741
189 610
461 73
585 726
906 836
247 662
157 769
134 322
688 185
668 411
655 489
720 39
406 125
122 659
111 819
190 628
361 116
944 806
916 604
419 262
898 18
135 456
757 161
829 739
197 751
492 359
497 550
629 455
115 494
853 321
820 99
985 405
961 875
728 961
489 728
97 906
451 513
444 364
215 458
296 452
481 403
477 977
545 451
897 972
373 847
907 90
381 899
743 720
375 364
160 2
777 463
175 983
638 483
649 22
303 559
979 635
986 90
979 177
86 879
483 596
733 65
183 672
530 340
421 850
853 90
67 923
537 684
73 687
712 544
149 537
93 86
445 380
950 150
598 32
482 122
602 99
498 947
719 355
969 559
477 948
483 982
698 990
931 591
2 157
546 55
438 958
161 641
740 1
442 976
526 793
449 61
795 421
895 925
861 776
777 599
893 994
634 904
438 323
628 293
613 566
288 93
350 261
473 104
222 265
603 451
769 806
257 698
247 445
303 15
633 161
736 971
418 223
78 906
83 260
983 310
40 188
769 200
762 168
468 117
739 270
511 824
478 168
99 350
604 705
882 262
719 73
389 753
87 543
437 403
473 952
320 418
398 210
762 264
143 628
850 51
638 455
340 92
515 331
679 100
288 957
469 480
419 511
488 22
97 589
674 779
809 243
355 648
94 613
589 247
482 103
122 708
598 916
247 761
591 604
257 635
695 961
818 18
802 330
986 779
355 861
197 962
460 477
147 194
765 391
590 279
337 519
261 173
95 173
32 103
270 477
424 92
494 279
173 215
753 900
567 716
350 3
329 970
603 629
459 419
80 253
485 391
757 695
449 80
781 236
139 375
129 130
117 24
428 34
819 247
545 35
326 741
947 930
304 57
197 376
643 94
556 445
398 989
198 132
760 579
57 613
744 806
610 795
144 697
488 836
129 556
589 709
604 707
909 745
491 252
34 342
87 530
456 311
3 458
489 366
737 378
282 737
236 693
935 304
471 696
582 450
872 898
566 935
603 405
886 651
294 313
376 570
383 478
308 482
599 545
271 716
262 209
500 896
622 805
173 185
343 522
409 480
994 943
340 537
257 726
962 433
736 604
879 545
657 645
203 767
809 687
0 5
664 656
321 92
688 198
462 433
567 989
188 747
228 781
698 967
452 687
544 477
538 469
740 736
491 485
57 929
567 252
698 965
483 665
87 90
1 308
438 364
482 659
588 266
364 462
930 923
870 753
697 728
588 928
882 29
537 579
378 430
725 430
751 36
904 544
983 516
32 308
602 173
252 858
687 355
105 776
397 282
36 197
135 785
665 590
438 267
617 444
757 39
487 291
74 80
397 913
418 739
319 716
651 861
631 925
666 15
618 829
527 635
198 731
993 19
619 566
398 5
917 705
61 279
751 958
264 627
590 918
875 769
6 773
601 214
596 80
535 566
559 125
72 601
871 369
40 236
247 679
719 341
279 644
274 432
986 898
898 90
707 969
104 952
376 403
693 943
198 350
962 751
355 296
907 77
476 229
638 767
635 990
702 424
481 492
648 719
728 331
527 442
888 119
918 203
598 487
666 291
688 129
477 618
888 651
756 954
339 279
54 930
623 947
969 274
365 450
844 457
989 976
291 259
771 726
548 144
463 622
300 751
329 93
477 266
781 438
122 406
522 935
507 808
26 119
622 970
713 967
588 477
747 994
753 103
40 625
816 84
267 519
831 335
806 568
920 724
916 931
931 103
103 1
515 728
221 601
930 480
843 558
125 670
119 619
15 969
380 100
28 343
910 538
949 401
557 330
278 533
545 918
144 575
522 94
15 559
938 945
228 994
344 359
935 190
352 705
374 664
870 659
585 294
370 72
279 83
42 949
221 537
538 378
527 468
37 944
77 219
704 697
500 94
997 896
665 86
337 747
979 428
805 494
623 848
468 313
648 823
794 629
163 239
997 535
125 591
161 875
674 925
968 152
771 442
719 553
618 671
957 985
334 456
432 740
623 949
501 760
804 883
596 941
281 720
716 990
948 326
689 575
794 982
334 564
384 193
756 432
728 875
319 527
762 618
489 514
591 756
344 267
740 550
617 275
769 473
305 967
548 655
697 331
740 122
895 872
603 638
418 421
588 478
491 858
794 260
762 383
458 859
497 259
120 117
952 932
198 819
946 850
29 54
979 265
382 932
256 702
726 797
567 257
419 737
393 898
227 923
941 61
361 829
267 492
403 236
989 222
414 203
875 689
762 478
819 100
198 785
215 334
276 631
909 618
837 994
376 375
341 355
707 659
319 765
834 35
219 986
498 397
95 445
334 688
224 806
315 460
428 457
450 757
294 391
716 34
308 900
666 756
929 764
452 434
972 598
785 556
834 677
828 397
716 342
979 716
280 883
189 20
559 916
350 215
92 221
684 543
732 820
994 359
888 159
344 962
373 589
732 95
527 967
497 406
982 629
761 350
861 896
712 618
125 598
704 473
696 175
222 45
373 247
559 274
293 648
374 792
942 176
159 28
450 515
836 334
918 405
115 794
39 695
101 146
321 872
112 949
92 90
26 28
327 103
809 384
102 402
527 294
203 638
175 804
522 896
666 954
713 242
796 831
197 908
51 627
242 257
188 337
56 636
716 117
949 725
360 965
672 850
950 698
767 483
389 274
776 26
437 345
666 125
643 343
587 708
859 731
883 209
567 294
177 726
214 853
757 632
266 966
909 418
430 409
753 229
818 424
892 592
831 557
834 253
923 949
822 503
566 687
104 689
935 193
643 159
882 947
319 34
952 515
805 879
342 252
677 203
409 883
271 442
688 247
979 391
185 488
977 320
971 432
228 359
775 818
989 428
984 907
119 896
38 148
0 635
522 304
83 622
592 606
836 12
599 203
296 651
943 194
350 589
393 370
781 194
189 795
747 323
189 320
266 158
835 143
739 627
384 355
120 713
737 459
515 641
757 944
362 946
520 334
872 674
977 928
749 846
702 370
628 26
806 575
502 87
938 139
941 80
371 534
405 982
73 296
959 852
243 651
410 270
0 979
704 720
674 557
786 192
782 720
189 977
111 906
935 28
985 329
952 728
705 897
628 73
690 940
93 941
256 149
756 931
389 659
961 200
20 421
461 714
502 90
775 276
847 12
824 552
28 355
763 270
492 228
747 958
280 664
424 674
201 3
260 61
491 34
719 94
250 554
487 476
310 282
291 352
585 117
243 105
236 938
969 897
188 300
785 97
72 684
828 824
522 648
732 215
776 452
210 635
330 424
335 393
985 622
634 320
473 548
476 303
352 708
236 570
515 514
330 370
520 100
463 629
147 323
139 510
165 26
702 907
500 355
848 882
291 740
112 419
994 938
344 693
442 45
599 80
828 42
769 704
798 850
492 938
967 990
628 861
831 393
37 161
794 35
736 670
906 261
104 655
71 414
77 831
671 909
412 433
677 483
804 282
343 461
342 24
553 500
210 858
530 684
737 471
932 689
430 923
619 452
610 320
129 373
591 559
666 122
93 513
544 418
983 430
462 510
792 310
296 628
360 967
397 54
261 662
222 965
223 116
858 976
975 497
848 696
648 896
538 664
704 728
984 335
3 12
280 623
648 73
767 455
819 679
774 127
879 455
622 603
253 115
535 119
471 409
949 947
544 362
385 470
173 859
721 732
435 23
982 449
95 709
553 143
617 412
806 104
570 403
925 831
144 689
224 743
477 51
564 130
200 773
267 920
631 684
979 765
72 674
923 54
168 588
468 965
92 831
879 405
989 765
918 985
334 458
802 92
836 380
15 389
804 29
644 455
374 112
564 732
900 327
97 215
104 782
122 604
721 820
588 763
520 662
228 462
764 566
299 104
360 635
823 190
945 751
236 747
310 947
533 211
516 469
294 965
406 591
305 457
384 823
557 684
209 469
834 205
819 709
938 920
930 538
452 384
3 709
327 659
685 186
471 374
771 485
997 384
531 231
419 280
929 861
644 61
112 175
236 131
708 308
891 370
610 362
224 720
122 897
659 756
365 944
966 264
210 313
57 26
545 414
359 570
104 582
300 781
946 320
820 100
697 157
471 930
207 549
200 641
688 731
929 105
898 214
925 221
920 345
918 644
22 198
548 104
798 421
330 537
737 947
161 548
261 731
94 566
795 977
449 203
488 761
631 579
10 161
697 473
26 896
310 227
401 209
527 34
634 977
510 433
243 119
985 834
159 461
193 522
922 897
266 672
364 994
87 557
664 615
105 296
299 515
670 598
468 976
648 94
221 233
473 10
54 949
262 737
131 344
732 373
93 603
984 18
215 602
952 366
407 494
908 693
823 613
771 428
776 461
150 797
141 941
824 664
631 601
809 535
550 103
294 979
681 850
419 623
291 900
253 941
462 275
92 895
820 456
468 967
975 900
550 303
795 829
705 870
321 424
666 476
804 54
763 362
310 949
291 482
649 12
856 776
194 519
708 389
497 969
627 904
29 930
585 442
365 514
475 27
150 858
434 823
485 457
465 206
777 638
276 853
275 481
900 587
359 267
216 766
662 688
638 74
559 917
909 712
117 979
87 219
219 393
740 598
662 350
326 266
261 247
771 222
745 189
745 425
487 931
941 545
747 197
383 20
296 886
444 958
117 457
437 519
782 769
931 229
564 78
494 483
697 515
906 311
481 920
929 73
194 481
28 57
345 693
538 209
193 687
693 994
223 20
656 430
501 18
720 806
382 782
716 257
628 28
428 117
961 161
753 32
5 457
193 434
667 715
602 130
485 177
359 194
320 904
355 929
323 345
36 412
679 836
545 61
975 591
970 901
687 26
664 282
97 709
751 194
481 724
129 589
771 457
548 6
831 891
120 391
665 794
897 559
280 828
909 966
970 629
35 622
829 478
831 233
303 482
265 242
603 205
178 758
497 389
395 954
670 708
451 80
599 644
708 15
824 401
782 299
950 257
900 598
260 203
610 909
527 271
477 158
831 775
337 751
795 168
261 12
122 954
111 132
994 345
613 384
320 361
617 139
958 344
566 651
345 433
908 433
684 853
438 945
74 644
761 602
359 376
93 985
428 585
634 264
900 274
339 901
741 795
296 861
635 844
341 293
527 45
938 40
949 348
623 409
753 303
339 253
314 362
291 587
326 116
570 481
751 519
802 907
596 35
150 391
228 147
193 143
599 941
102 440
631 424
488 649
343 809
888 296
564 12
941 83
909 314
149 276
895 149
165 776
781 364
189 116
125 931
188 412
313 976
475 555
397 378
86 80
698 391
2 641
500 648
629 483
948 741
169 663
337 197
280 538
61 414
958 359
944 514
262 280
412 492
886 293
689 450
389 229
461 341
904 183
384 28
515 769
638 205
365 695
497 487
335 674
949 737
160 382
222 150
294 117
427 179
34 567
636 7
575 782
975 327
557 214
259 308
602 12
407 599
928 270
720 450
278 625
712 977
875 365
364 40
923 42
471 664
177 716
818 796
776 355
120 797
293 243
32 931
764 823
224 782
544 189
895 702
210 177
260 93
253 513
270 266
95 602
330 831
765 45
644 288
2 37
601 779
751 40
419 804
674 702
340 853
633 704
716 726
737 227
566 355
144 720
1 389
103 229
990 242
80 463
918 83
836 130
72 501
760 321
18 321
769 932
591 482
713 990
375 344
617 570
330 219
291 15
229 598
763 948
655 944
165 452
22 847
704 489
375 412
918 558
314 478
28 566
83 957
112 498
393 895
872 779
665 61
461 886
378 498
67 374
853 530
782 548
389 900
378 848
664 430
698 24
143 119
677 279
984 895
308 917
130 819
834 957
111 785
837 751
262 947
469 227
409 910
613 28
51 361
651 73
78 97
224 157
649 709
916 432
527 716
198 721
270 618
922 389
566 628
997 522
882 804
599 483
2 10
95 731
463 644
481 943
732 456
342 635
695 952
954 32
914 880
477 681
256 335
274 291
165 687
327 125
143 500
87 92
320 671
405 494
147 492
741 425
185 761
293 165
516 923
103 604
222 698
543 760
879 777
311 679
456 12
393 674
671 850
116 946
358 30
677 941
485 442
139 403
511 54
90 579
511 471
445 97
24 635
677 794
335 680
265 252
712 627
895 853
355 643
119 776
922 303
20 320
313 950
401 947
562 799
51 320
214 779
190 119
617 438
384 687
962 188
343 243
697 2
740 229
824 949
111 130
689 200
125 971
252 990
757 655
728 773
847 785
80 115
511 175
753 897
585 635
87 321
970 61
761 520
627 320
160 10
975 32
501 149
143 165
844 967
891 72
42 615
459 409
24 967
990 979
189 671
280 409
144 514
77 149
311 836
376 275
802 674
135 130
627 383
359 945
589 185
949 516
482 395
221 330
74 483
224 104
112 792
552 430
957 483
224 39
856 929
143 643
157 331
200 365
6 697
795 383
210 360
310 883
37 689
492 197
824 374
296 293
641 39
261 78
615 656
747 570
235 529
286 646
280 516
259 969
305 294
165 105
376 481
585 716
99 564
500 343
537 631
117 990
896 304
910 913
579 895
267 147
908 412
601 90
567 242
438 943
111 456
651 143
276 393
513 957
724 751
501 891
550 274
883 828
449 638
108 268
846 76
477 829
473 632
912 568
29 42
910 378
330 891
511 949
623 923
442 150
10 575
290 584
100 785
403 747
462 267
144 37
135 261
442 360
421 946
861 28
259 971
912 473
221 898
623 910
908 510
458 247
608 741
587 482
51 909
957 767
319 120
535 522
617 364
95 564
982 260
944 200
681 264
619 687
674 161
199 230
575 932
337 300
194 412
950 771
769 10
457 698
769 757
240 995
814 85
608 909
335 276
641 514
501 90
922 274
805 599
695 641
252 457
364 323
856 861
303 291
461 823
696 949
73 809
622 329
266 168
364 147
491 398
707 870
971 708
266 928
304 566
327 497
74 405
689 514
617 519
971 389
828 480
365 769
949 883
958 920
160 633
478 248
326 681
904 763
989 844
157 281
365 144
100 649
858 120
907 393
556 761
623 469
39 365
740 972
430 804
949 262
649 688
680 276
844 222
77 393
916 352
72 802
445 761
707 352
702 984
570 510
937 973
516 538
872 501
165 823
965 271
501 113
713 319
777 622
45 177
579 370
544 266
741 672
721 445
585 257
462 781
798 168
326 795
610 20
321 276
73 190
2 944
319 242
649 679
117 844
210 457
105 500
304 434
714 566
177 858
650 554
656 792
365 632
962 481
161 160
725 480
261 456
455 513
483 288
656 949
776 835
342 989
398 635
34 242
362 478
603 545
961 689
751 893
925 370
920 236
582 548
488 564
483 83
785 247
72 895
365 515
972 705
516 615
456 564
622 638
437 300
764 159
856 26
92 796
883 792
982 622
488 380
548 157
985 638
220 436
715 225
222 252
828 54
792 227
477 610
590 203
360 585
350 458
451 253
838 417
15 670
210 45
818 221
820 512
299 489
147 751
557 501
444 462
930 419
757 144
197 781
437 364
707 229
406 954
802 601
185 130
757 912
896 193
341 26
900 482
898 370
125 708
252 468
205 449
967 242
797 635
365 633
478 608
972 736
476 705
656 480
651 619
805 644
0 294
293 856
397 430
320 762
125 482
459 209
713 313
848 983
665 449
488 311
712 421
679 198
489 39
844 252
432 476
203 455
559 972
896 764
709 836
548 720
567 844
372 833
119 628
957 596
147 376
452 343
946 418
629 590
105 719
430 374
996 137
341 500
438 376
737 882
681 741
618 798
353 626
775 779
989 177
543 340
591 1
57 628
949 664
548 806
901 644
870 756
954 736
73 434
553 341
227 112
756 753
726 305
530 702
977 410
634 762
481 300
2 769
559 705
886 613
34 120
352 550
961 157
45 5
848 615
837 194
214 219
99 520
233 87
709 129
886 935
876 110
930 282
143 888
194 40
229 705
172 367
969 972
405 35
222 442
165 73
670 666
293 384
380 679
303 259
365 161
615 792
544 627
