200 588
26 127
32 75
144 29
44 112
146 7
122 71
161 48
42 78
143 61
0 88
37 25
0 104
14 187
87 31
161 195
132 91
158 101
99 113
132 57
198 151
86 173
93 70
41 107
62 84
103 81
168 51
153 151
190 120
131 124
21 13
136 188
50 198
102 125
20 71
129 98
103 76
131 7
5 90
46 185
5 74
196 195
137 39
88 104
60 70
15 166
69 16
46 83
176 7
103 171
27 12
53 187
131 189
177 76
124 7
23 67
112 57
161 71
46 68
102 187
1 11
36 18
44 145
159 10
88 26
61 140
116 114
165 189
176 189
21 160
38 18
4 115
110 187
125 187
134 48
110 77
103 51
74 90
194 193
59 84
69 57
90 61
61 151
26 180
130 111
7 149
11 90
172 8
131 10
78 34
128 51
165 176
60 111
139 100
128 76
166 170
158 70
112 132
146 10
89 90
196 67
196 20
5 136
110 53
112 54
165 146
186 135
147 2
130 98
145 45
16 91
23 20
158 93
49 179
122 99
89 11
165 149
48 67
146 189
56 76
11 114
68 83
88 127
150 43
49 74
80 87
198 197
61 79
110 1
131 159
16 19
10 124
60 101
172 14
10 176
70 98
42 88
110 105
185 94
23 161
91 57
189 149
78 26
10 149
119 102
110 119
72 156
161 20
122 20
177 15
53 174
131 146
83 173
22 2
175 133
16 147
154 95
57 45
158 129
100 117
92 18
17 62
69 44
127 3
140 79
116 198
79 197
175 115
74 89
24 96
19 91
52 138
116 140
156 28
165 159
46 18
19 112
177 171
122 195
116 197
153 183
67 71
134 195
11 179
64 81
123 129
5 1
128 56
134 71
199 25
131 149
157 59
79 153
87 15
171 128
19 69
116 50
37 9
119 125
119 105
186 163
46 173
196 48
68 18
128 81
46 38
123 38
89 179
0 42
49 11
113 9
26 104
16 145
188 179
63 22
132 145
193 167
159 124
111 70
44 91
14 110
159 149
158 111
123 101
103 56
155 182
74 1
14 105
131 165
43 54
6 143
185 18
111 129
134 67
49 136
130 101
123 130
102 105
51 76
90 136
64 76
127 180
196 71
112 69
178 30
83 18
11 136
135 147
48 195
111 93
86 185
104 180
61 50
136 1
127 78
188 89
123 93
131 176
183 29
118 148
31 150
20 134
49 188
102 53
105 174
159 119
58 125
159 146
168 171
86 68
168 56
159 7
36 68
38 68
45 132
170 73
14 125
36 38
168 64
42 3
97 6
163 2
45 112
14 119
146 124
85 197
36 173
38 92
42 127
89 5
64 51
55 80
78 88
33 126
118 157
132 44
17 47
134 23
89 1
161 67
107 109
91 45
93 83
83 156
164 137
189 7
145 19
64 56
35 40
47 199
106 192
90 49
64 128
110 125
147 162
173 18
58 52
8 121
185 173
169 144
100 148
19 45
105 187
122 48
50 197
78 104
50 153
12 58
5 11
119 174
130 60
152 32
119 53
24 63
26 42
24 17
57 145
96 99
3 78
146 176
171 56
173 68
191 22
123 111
10 189
123 98
31 162
74 188
46 92
188 90
191 190
101 129
110 174
184 66
165 10
19 44
79 151
88 3
102 174
105 77
44 45
14 77
159 189
134 122
196 122
86 18
174 187
10 7
68 92
57 19
1 188
56 81
158 130
180 35
171 76
181 118
194 133
124 149
44 16
119 187
92 36
151 114
38 86
145 112
171 64
23 195
94 28
197 114
0 3
173 38
71 23
36 46
67 47
92 173
105 53
197 61
168 76
138 172
95 41
73 155
129 70
94 66
44 57
79 198
92 86
196 161
7 174
112 91
72 148
46 86
197 151
104 34
197 140
61 84
26 3
130 70
33 178
86 36
60 129
116 61
114 153
165 7
0 26
126 120
157 163
51 177
101 111
140 198
81 51
165 124
177 103
101 70
83 185
93 129
196 23
119 77
42 34
51 56
3 43
75 164
48 23
191 160
88 34
195 20
180 78
69 145
51 171
128 168
132 19
1 179
145 91
153 116
50 151
134 196
79 116
181 139
34 3
102 14
67 195
78 0
16 132
56 177
64 177
77 102
79 50
49 89
127 104
180 34
60 93
188 5
1 90
176 149
26 34
158 60
179 74
125 77
49 1
197 153
127 0
53 77
140 153
140 151
3 104
77 174
61 153
86 83
65 184
180 88
81 76
82 55
13 141
98 158
122 23
57 16
29 62
124 189
148 30
185 92
198 114
180 3
71 48
98 93
153 198
110 102
185 36
42 180
101 98
125 174
4 144
81 80
198 61
0 180
177 128
38 83
34 0
160 118
20 48
39 85
71 195
105 125
122 67
182 82
183 63
151 116
90 179
103 128
14 53
176 124
146 149
60 98
16 45
81 177
50 140
154 117
103 64
132 69
140 114
130 93
5 179
123 60
53 125
142 169
16 112
5 49
65 21
141 72
168 177
167 142
42 104
161 134
176 159
45 69
115 63
35 54
186 40
14 174
77 5
108 181
192 27
101 93
74 11
38 185
114 79
34 127
111 98
136 89
121 106
158 123
179 136
114 50
70 123
143 85
136 74
129 130
161 122
171 81
168 103
69 91
83 36
108 109
83 92
185 68
11 188
97 152
168 81
67 20
155 135
187 77
114 61
